label	metaGroupId	groupId	goodPeakCount	medMz	medRt	maxQuality	note	compound	compoundId	category	database	expectedRtDiff	ppmDiff	parent	ms2EventCount	fragNumIonsMatched	fragFracMatched	ticMatched	dotProduct	weigtedDotProduct	hyperGeomScore	spearmanRankCorrelation	mzFragError	170610_2017_06_09TR_HILICNeg15_Blank6_mid.mzXML	170610_2017_06_09TR_HILICNeg15_MH_CTRL1_T4.mzXML	170610_2017_06_09TR_HILICNeg15_MH_ECO2_T0.mzXML	170610_2017_06_09TR_HILICNeg15_MH_SPN3_T4.mzXML	
	1	0	0	223.1332	0.5323822	0		METHYL JASMONATE	METHYL JASMONATE	T	2017_05_10RG_HILIC15-Neg_MSMLS-List	-0.03438219	1000	223.1332	0	0	0	0	0	0	0	0	1000	0	412.8144	4046.803	1183.057
	2	3	0	210.0765	0.5431613	0		3-METHOXY-L-TYROSINE	3-METHOXY-L-TYROSINE	T	2017_05_10RG_HILIC15-Neg_MSMLS-List	6.746839	1000	210.0765	0	0	0	0	0	0	0	0	1000	762.1914	19795.38	12476.41	17958.95
	3	0	0	391.2846	0.5611617	0		3ALPHA-12ALPHA-DIHYDROXY-5BETA-CHOLANATE	3ALPHA-12ALPHA-DIHYDROXY-5BETA-CHOLANATE	T	2017_05_10RG_HILIC15-Neg_MSMLS-List	0.1778383	1000	391.2846	0	0	0	0	0	0	0	0	1000	0	0	0	7289.496
	3	0	0	391.2846	0.5611617	0		CHENODEOXYCHOLATE	CHENODEOXYCHOLATE	T	2017_05_10RG_HILIC15-Neg_MSMLS-List	0.1828383	1000	391.2846	0	0	0	0	0	0	0	0	1000	0	0	0	7289.496
	3	0	0	391.2846	0.5611617	0		3ALPHA-12ALPHA-DIHYDROXY-5BETA-CHOLANATE	3ALPHA-12ALPHA-DIHYDROXY-5BETA-CHOLANATE	T	2017_05_10RG_HILIC15-Neg_MSMLS-List	0.4988382	1000	391.2846	0	0	0	0	0	0	0	0	1000	0	0	0	7289.496
	3	0	0	391.2846	0.5611617	0		DEOXYCHOLATE	DEOXYCHOLATE	T	2017_05_10RG_HILIC15-Neg_MSMLS-List	0.4988382	1000	391.2846	0	0	0	0	0	0	0	0	1000	0	0	0	7289.496
	3	0	0	391.2846	0.5611617	0		DEOXYCHOLATE	DEOXYCHOLATE	T	2017_05_10RG_HILIC15-Neg_MSMLS-List	0.1648383	1000	391.2846	0	0	0	0	0	0	0	0	1000	0	0	0	7289.496
	3	0	0	391.2846	0.5611617	0		CHENODEOXYCHOLATE	CHENODEOXYCHOLATE	T	2017_05_10RG_HILIC15-Neg_MSMLS-List	0.5288383	1000	391.2846	0	0	0	0	0	0	0	0	1000	0	0	0	7289.496
	4	0	0	187.1335	0.5659711	0		10-HYDROXYDECANOATE	10-HYDROXYDECANOATE	T	2017_05_10RG_HILIC15-Neg_MSMLS-List	0.1180289	1000	187.1335	0	0	0	0	0	0	0	0	1000	971.9359	0	1007.152	6584.721
	4	0	0	187.1335	0.5659711	0		10-HYDROXYDECANOATE	10-HYDROXYDECANOATE	T	2017_05_10RG_HILIC15-Neg_MSMLS-List	0.3510289	1000	187.1335	0	0	0	0	0	0	0	0	1000	971.9359	0	1007.152	6584.721
	5	0	0	343.0642	0.5670661	0		THIAMINE MONOPHOSPHATE	THIAMINE MONOPHOSPHATE	T	2017_05_10RG_HILIC15-Neg_MSMLS-List	5.342934	1000	343.0642	0	0	0	0	0	0	0	0	1000	0	24283.69	32325.48	15705.23
	5	0	0	343.0642	0.5670661	0		THIAMINE MONOPHOSPHATE	THIAMINE MONOPHOSPHATE	T	2017_05_10RG_HILIC15-Neg_MSMLS-List	8.112934	1000	343.0642	0	0	0	0	0	0	0	0	1000	0	24283.69	32325.48	15705.23
	6	0	0	215.1646	0.5762625	0		OMEGA-HYDROXYDODECANOIC ACID	OMEGA-HYDROXYDODECANOIC ACID	T	2017_05_10RG_HILIC15-Neg_MSMLS-List	0.3087375	1000	215.1646	0	0	0	0	0	0	0	0	1000	328.1313	0	0	7506.599
	6	0	0	215.1646	0.5762625	0		OMEGA-HYDROXYDODECANOIC ACID	OMEGA-HYDROXYDODECANOIC ACID	T	2017_05_10RG_HILIC15-Neg_MSMLS-List	-0.005262494	1000	215.1646	0	0	0	0	0	0	0	0	1000	328.1313	0	0	7506.599
	7	1	0	163.0396	0.6102075	0		4-COUMARATE	4-COUMARATE	B-1min	2017_05_10RG_HILIC15-Neg_MSMLS-List	1.009793	1000	163.0396	0	0	0	0	0	0	0	0	1000	687.5019	9857.448	6644.847	9126.573
	7	1	0	163.0396	0.6102075	0		PHENYLPYRUVATE	PHENYLPYRUVATE	B-8min	2017_05_10RG_HILIC15-Neg_MSMLS-List	5.249793	1000	163.0396	0	0	0	0	0	0	0	0	1000	687.5019	9857.448	6644.847	9126.573
	7	1	0	163.0396	0.6102075	0		4-COUMARATE	4-COUMARATE	B-1min	2017_05_10RG_HILIC15-Neg_MSMLS-List	0.5197925	1000	163.0396	0	0	0	0	0	0	0	0	1000	687.5019	9857.448	6644.847	9126.573
	8	3	0	166.0504	0.6566833	0		PYRIDOXAL	PYRIDOXAL	B-2.5min	2017_05_10RG_HILIC15-Neg_MSMLS-List	2.683317	1000	166.0504	0	0	0	0	0	0	0	0	1000	4212.856	14497.96	9776.782	13475.68
	8	3	0	166.0504	0.6566833	0		4-HYDROXY-L-PHENYLGLYCINE	4-HYDROXY-L-PHENYLGLYCINE	T	2017_05_10RG_HILIC15-Neg_MSMLS-List	7.193316	1000	166.0504	0	0	0	0	0	0	0	0	1000	4212.856	14497.96	9776.782	13475.68
	9	3	0	121.0291	0.6784733	0		3-HYDROXYBENZALDEHYDE	3-HYDROXYBENZALDEHYDE	T	2017_05_10RG_HILIC15-Neg_MSMLS-List	0.007526696	1000	121.0291	0	0	0	0	0	0	0	0	1000	35752.02	4488906	2755836	512350.2
	9	3	0	121.0291	0.6784733	0		4-HYDROXYBENZALDEHYDE	4-HYDROXYBENZALDEHYDE	T	2017_05_10RG_HILIC15-Neg_MSMLS-List	-0.004473269	1000	121.0291	0	0	0	0	0	0	0	0	1000	35752.02	4488906	2755836	512350.2
	10	0	0	172.04	0.6786134	0		2-QUINOLINECARBOXYLIC ACID	2-QUINOLINECARBOXYLIC ACID	B-1.5min	2017_05_10RG_HILIC15-Neg_MSMLS-List	0.2763866	1000	172.04	0	0	0	0	0	0	0	0	1000	0	5111.925	5218.642	1913.682
	10	0	0	172.04	0.6786134	0		4-QUINOLINECARBOXYLIC ACID	4-QUINOLINECARBOXYLIC ACID	T	2017_05_10RG_HILIC15-Neg_MSMLS-List	3.611387	1000	172.04	0	0	0	0	0	0	0	0	1000	0	5111.925	5218.642	1913.682
	7	4	0	152.0348	0.6961355	0		3-HYDROXYANTHRANILATE	3-HYDROXYANTHRANILATE	B-1min	2017_05_10RG_HILIC15-Neg_MSMLS-List	0.7638645	1000	152.0348	0	0	0	0	0	0	0	0	1000	0	14061.44	12354.68	12950.93
	7	4	0	152.0348	0.6961355	0		3-HYDROXYANTHRANILATE	3-HYDROXYANTHRANILATE	B-1min	2017_05_10RG_HILIC15-Neg_MSMLS-List	1.223864	1000	152.0348	0	0	0	0	0	0	0	0	1000	0	14061.44	12354.68	12950.93
	7	4	0	152.0348	0.6961355	0		3-AMINO-4-HYDROXYBENZOIC ACID	3-AMINO-4-HYDROXYBENZOIC ACID	B-2min	2017_05_10RG_HILIC15-Neg_MSMLS-List	2.533864	1000	152.0348	0	0	0	0	0	0	0	0	1000	0	14061.44	12354.68	12950.93
	7	4	0	152.0348	0.6961355	0		3-AMINO-5-HYDROXYBENZOIC ACID	3-AMINO-5-HYDROXYBENZOIC ACID	T	2017_05_10RG_HILIC15-Neg_MSMLS-List	2.793864	1000	152.0348	0	0	0	0	0	0	0	0	1000	0	14061.44	12354.68	12950.93
	11	4	0	122.0244	0.6992621	0		NICOTINATE	NICOTINATE	B-1.5min	2017_05_10RG_HILIC15-Neg_MSMLS-List	1.920738	1000	122.0244	0	0	0	0	0	0	0	0	1000	595.7261	1200572	796857.7	381758.7
	12	0	0	108.0451	0.7064478	0		2-AMINOPHENOL	2-AMINOPHENOL	B-2min	2017_05_10RG_HILIC15-Neg_MSMLS-List	2.523552	1000	108.0451	0	0	0	0	0	0	0	0	1000	0	2538.863	1785.219	1273.714
	12	1	0	181.0501	0.7064478	0		3-[4-HYDROXYPHENYL]LACTATE	3-[4-HYDROXYPHENYL]LACTATE	B-2.5min	2017_05_10RG_HILIC15-Neg_MSMLS-List	3.833552	1000	181.0501	0	0	0	0	0	0	0	0	1000	0	22888.8	17733.01	3614.671
	12	1	0	181.0501	0.7064478	0		HOMOVANILLATE	HOMOVANILLATE	T	2017_05_10RG_HILIC15-Neg_MSMLS-List	0.2295522	1000	181.0501	0	0	0	0	0	0	0	0	1000	0	22888.8	17733.01	3614.671
	13	2	0	133.0138	0.7068272	0		[R]-MALATE	[R]-MALATE	T	2017_05_10RG_HILIC15-Neg_MSMLS-List	3.553173	1000	133.0138	0	0	0	0	0	0	0	0	1000	707.1628	0	2938.451	4893.357
	11	0	0	174.0554	0.7098311	0		INDOLE-3-ACETIC ACID	INDOLE-3-ACETIC ACID	T	2017_05_10RG_HILIC15-Neg_MSMLS-List	0.5501689	1000	174.0554	0	0	0	0	0	0	0	0	1000	0	30566.77	27277.03	27573.6
	11	0	0	174.0554	0.7098311	0		INDOLE-3-ACETATE	INDOLE-3-ACETATE	T	2017_05_10RG_HILIC15-Neg_MSMLS-List	0.3001689	1000	174.0554	0	0	0	0	0	0	0	0	1000	0	30566.77	27277.03	27573.6
	11	0	0	174.0554	0.7098311	0		INDOLE-3-ACETIC ACID	INDOLE-3-ACETIC ACID	T	2017_05_10RG_HILIC15-Neg_MSMLS-List	0.3201689	1000	174.0554	0	0	0	0	0	0	0	0	1000	0	30566.77	27277.03	27573.6
	11	0	0	174.0554	0.7098311	0		INDOLE-3-ACETATE	INDOLE-3-ACETATE	T	2017_05_10RG_HILIC15-Neg_MSMLS-List	0.490169	1000	174.0554	0	0	0	0	0	0	0	0	1000	0	30566.77	27277.03	27573.6
	11	0	0	174.0554	0.7098311	0		INDOLE-3-ACETATE	INDOLE-3-ACETATE	T	2017_05_10RG_HILIC15-Neg_MSMLS-List	0.01916891	1000	174.0554	0	0	0	0	0	0	0	0	1000	0	30566.77	27277.03	27573.6
	11	0	0	174.0554	0.7098311	0		INDOLE-3-ACETIC ACID	INDOLE-3-ACETIC ACID	T	2017_05_10RG_HILIC15-Neg_MSMLS-List	0.008168936	1000	174.0554	0	0	0	0	0	0	0	0	1000	0	30566.77	27277.03	27573.6
	11	5	0	151.0396	0.7098311	0		MANDELIC ACID	MANDELIC ACID	B-4min	2017_05_10RG_HILIC15-Neg_MSMLS-List	3.650169	1000	151.0396	0	0	0	0	0	0	0	0	1000	0	88919.01	79831.1	67877.21
	11	5	0	151.0396	0.7098311	0		RESORCINOL MONOACETATE	RESORCINOL MONOACETATE	T	2017_05_10RG_HILIC15-Neg_MSMLS-List	-0.03983104	1000	151.0396	0	0	0	0	0	0	0	0	1000	0	88919.01	79831.1	67877.21
	11	5	0	151.0396	0.7098311	0		3-HYDROXYPHENYLACETATE	3-HYDROXYPHENYLACETATE	B-1min	2017_05_10RG_HILIC15-Neg_MSMLS-List	0.8301689	1000	151.0396	0	0	0	0	0	0	0	0	1000	0	88919.01	79831.1	67877.21
	11	5	0	151.0396	0.7098311	0		3-HYDROXYPHENYLACETATE	3-HYDROXYPHENYLACETATE	B-1min	2017_05_10RG_HILIC15-Neg_MSMLS-List	0.1021689	1000	151.0396	0	0	0	0	0	0	0	0	1000	0	88919.01	79831.1	67877.21
	11	5	0	151.0396	0.7098311	0		2-4-DIHYDROXYACETOPHENONE	2-4-DIHYDROXYACETOPHENONE	T	2017_05_10RG_HILIC15-Neg_MSMLS-List	-0.04083103	1000	151.0396	0	0	0	0	0	0	0	0	1000	0	88919.01	79831.1	67877.21
	11	5	0	151.0396	0.7098311	0		4-HYDROXYPHENYLACETATE	4-HYDROXYPHENYLACETATE	B-1min	2017_05_10RG_HILIC15-Neg_MSMLS-List	0.6701689	1000	151.0396	0	0	0	0	0	0	0	0	1000	0	88919.01	79831.1	67877.21
	11	5	0	151.0396	0.7098311	0		2-HYDROXYPHENYLACETIC ACID	2-HYDROXYPHENYLACETIC ACID	T	2017_05_10RG_HILIC15-Neg_MSMLS-List	1.590169	1000	151.0396	0	0	0	0	0	0	0	0	1000	0	88919.01	79831.1	67877.21
	11	2	0	136.0399	0.7132044	0		4-AMINOBENZOATE	4-AMINOBENZOATE	T	2017_05_10RG_HILIC15-Neg_MSMLS-List	1.706796	1000	136.0399	0	0	0	0	0	0	0	0	1000	0	79536.41	63523.54	45778.08
	11	2	0	136.0399	0.7132044	0		ANTHRANILATE	ANTHRANILATE	T	2017_05_10RG_HILIC15-Neg_MSMLS-List	0.2187955	1000	136.0399	0	0	0	0	0	0	0	0	1000	0	79536.41	63523.54	45778.08
	11	2	0	136.0399	0.7132044	0		SALICYLAMIDE	SALICYLAMIDE	T	2017_05_10RG_HILIC15-Neg_MSMLS-List	-0.1072044	1000	136.0399	0	0	0	0	0	0	0	0	1000	0	79536.41	63523.54	45778.08
	11	2	0	136.0399	0.7132044	0		4-AMINOBENZOATE	4-AMINOBENZOATE	T	2017_05_10RG_HILIC15-Neg_MSMLS-List	0.2137955	1000	136.0399	0	0	0	0	0	0	0	0	1000	0	79536.41	63523.54	45778.08
	11	2	0	136.0399	0.7132044	0		4-AMINOBENZOATE	4-AMINOBENZOATE	T	2017_05_10RG_HILIC15-Neg_MSMLS-List	0.01479554	1000	136.0399	0	0	0	0	0	0	0	0	1000	0	79536.41	63523.54	45778.08
	11	1	0	94.0295	0.7132044	0		2-HYDROXYPYRIDINE	2-HYDROXYPYRIDINE	T	2017_05_10RG_HILIC15-Neg_MSMLS-List	2.756796	1000	94.0295	0	0	0	0	0	0	0	0	1000	0	16143.31	11986.97	6773.287
	11	2	0	136.0399	0.7132044	0		ANTHRANILATE	ANTHRANILATE	T	2017_05_10RG_HILIC15-Neg_MSMLS-List	-0.02420443	1000	136.0399	0	0	0	0	0	0	0	0	1000	0	79536.41	63523.54	45778.08
	14	0	0	179.0569	0.7956033	0		THEOPHYLLINE	THEOPHYLLINE	T	2017_05_10RG_HILIC15-Neg_MSMLS-List	-0.001603305	1000	179.0569	0	0	0	0	0	0	0	0	1000	0	0	0	7290.234
	14	0	0	179.0569	0.7956033	0		THEOPHYLLINE	THEOPHYLLINE	T	2017_05_10RG_HILIC15-Neg_MSMLS-List	0.2243966	1000	179.0569	0	0	0	0	0	0	0	0	1000	0	0	0	7290.234
	14	0	0	179.0569	0.7956033	0		PARAXANTHINE	PARAXANTHINE	T	2017_05_10RG_HILIC15-Neg_MSMLS-List	0.01039666	1000	179.0569	0	0	0	0	0	0	0	0	1000	0	0	0	7290.234
	15	3	0	136.0399	0.8849706	0		4-AMINOBENZOATE	4-AMINOBENZOATE	T	2017_05_10RG_HILIC15-Neg_MSMLS-List	-0.1569706	1000	136.0399	0	0	0	0	0	0	0	0	1000	0	2230.593	2337.094	4167.335
	15	3	0	136.0399	0.8849706	0		4-AMINOBENZOATE	4-AMINOBENZOATE	T	2017_05_10RG_HILIC15-Neg_MSMLS-List	1.535029	1000	136.0399	0	0	0	0	0	0	0	0	1000	0	2230.593	2337.094	4167.335
	15	1	0	174.0555	0.8849706	0		INDOLE-3-ACETIC ACID	INDOLE-3-ACETIC ACID	T	2017_05_10RG_HILIC15-Neg_MSMLS-List	-0.1669706	1000	174.0555	0	0	0	0	0	0	0	0	1000	0	13116.38	13143.28	12505.09
	15	1	0	174.0555	0.8849706	0		INDOLE-3-ACETIC ACID	INDOLE-3-ACETIC ACID	T	2017_05_10RG_HILIC15-Neg_MSMLS-List	0.1450294	1000	174.0555	0	0	0	0	0	0	0	0	1000	0	13116.38	13143.28	12505.09
	15	3	0	136.0399	0.8849706	0		ANTHRANILATE	ANTHRANILATE	T	2017_05_10RG_HILIC15-Neg_MSMLS-List	0.04702938	1000	136.0399	0	0	0	0	0	0	0	0	1000	0	2230.593	2337.094	4167.335
	15	3	0	136.0399	0.8849706	0		ANTHRANILATE	ANTHRANILATE	T	2017_05_10RG_HILIC15-Neg_MSMLS-List	-0.1959706	1000	136.0399	0	0	0	0	0	0	0	0	1000	0	2230.593	2337.094	4167.335
	15	3	0	136.0399	0.8849706	0		SALICYLAMIDE	SALICYLAMIDE	T	2017_05_10RG_HILIC15-Neg_MSMLS-List	-0.2789706	1000	136.0399	0	0	0	0	0	0	0	0	1000	0	2230.593	2337.094	4167.335
	15	1	0	174.0555	0.8849706	0		INDOLE-3-ACETATE	INDOLE-3-ACETATE	T	2017_05_10RG_HILIC15-Neg_MSMLS-List	-0.1559706	1000	174.0555	0	0	0	0	0	0	0	0	1000	0	13116.38	13143.28	12505.09
	15	3	0	136.0399	0.8849706	0		4-AMINOBENZOATE	4-AMINOBENZOATE	T	2017_05_10RG_HILIC15-Neg_MSMLS-List	0.04202938	1000	136.0399	0	0	0	0	0	0	0	0	1000	0	2230.593	2337.094	4167.335
	15	1	0	174.0555	0.8849706	0		INDOLE-3-ACETATE	INDOLE-3-ACETATE	T	2017_05_10RG_HILIC15-Neg_MSMLS-List	0.3150294	1000	174.0555	0	0	0	0	0	0	0	0	1000	0	13116.38	13143.28	12505.09
	15	1	0	174.0555	0.8849706	0		INDOLE-3-ACETATE	INDOLE-3-ACETATE	T	2017_05_10RG_HILIC15-Neg_MSMLS-List	0.1250294	1000	174.0555	0	0	0	0	0	0	0	0	1000	0	13116.38	13143.28	12505.09
	15	1	0	174.0555	0.8849706	0		INDOLE-3-ACETIC ACID	INDOLE-3-ACETIC ACID	T	2017_05_10RG_HILIC15-Neg_MSMLS-List	0.3750294	1000	174.0555	0	0	0	0	0	0	0	0	1000	0	13116.38	13143.28	12505.09
	16	0	0	182.0453	0.8854867	0		4-PYRIDOXATE	4-PYRIDOXATE	B-5min	2017_05_10RG_HILIC15-Neg_MSMLS-List	7.914514	1000	182.0453	0	0	0	0	0	0	0	0	1000	0	0	0	5543.389
	16	0	0	182.0453	0.8854867	0		4-PYRIDOXATE	4-PYRIDOXATE	B-5min	2017_05_10RG_HILIC15-Neg_MSMLS-List	6.794513	1000	182.0453	0	0	0	0	0	0	0	0	1000	0	0	0	5543.389
	16	0	0	182.0453	0.8854867	0		4-PYRIDOXATE	4-PYRIDOXATE	B-5min	2017_05_10RG_HILIC15-Neg_MSMLS-List	4.334513	1000	182.0453	0	0	0	0	0	0	0	0	1000	0	0	0	5543.389
	17	6	0	151.0396	0.8964816	0		MANDELIC ACID	MANDELIC ACID	B-4min	2017_05_10RG_HILIC15-Neg_MSMLS-List	3.463519	1000	151.0396	0	0	0	0	0	0	0	0	1000	4368.578	28155.87	24479.31	23584.82
	17	6	0	151.0396	0.8964816	0		2-4-DIHYDROXYACETOPHENONE	2-4-DIHYDROXYACETOPHENONE	T	2017_05_10RG_HILIC15-Neg_MSMLS-List	-0.2274816	1000	151.0396	0	0	0	0	0	0	0	0	1000	4368.578	28155.87	24479.31	23584.82
	17	6	0	151.0396	0.8964816	0		2-HYDROXYPHENYLACETIC ACID	2-HYDROXYPHENYLACETIC ACID	T	2017_05_10RG_HILIC15-Neg_MSMLS-List	1.403518	1000	151.0396	0	0	0	0	0	0	0	0	1000	4368.578	28155.87	24479.31	23584.82
	17	6	0	151.0396	0.8964816	0		3-HYDROXYPHENYLACETATE	3-HYDROXYPHENYLACETATE	B-1min	2017_05_10RG_HILIC15-Neg_MSMLS-List	-0.08448166	1000	151.0396	0	0	0	0	0	0	0	0	1000	4368.578	28155.87	24479.31	23584.82
	17	6	0	151.0396	0.8964816	0		3-HYDROXYPHENYLACETATE	3-HYDROXYPHENYLACETATE	B-1min	2017_05_10RG_HILIC15-Neg_MSMLS-List	0.6435183	1000	151.0396	0	0	0	0	0	0	0	0	1000	4368.578	28155.87	24479.31	23584.82
	17	6	0	151.0396	0.8964816	0		4-HYDROXYPHENYLACETATE	4-HYDROXYPHENYLACETATE	B-1min	2017_05_10RG_HILIC15-Neg_MSMLS-List	0.4835184	1000	151.0396	0	0	0	0	0	0	0	0	1000	4368.578	28155.87	24479.31	23584.82
	17	6	0	151.0396	0.8964816	0		RESORCINOL MONOACETATE	RESORCINOL MONOACETATE	T	2017_05_10RG_HILIC15-Neg_MSMLS-List	-0.2264816	1000	151.0396	0	0	0	0	0	0	0	0	1000	4368.578	28155.87	24479.31	23584.82
	18	4	0	173.0813	0.9069225	0		SUBERIC ACID	SUBERIC ACID	T	2017_05_10RG_HILIC15-Neg_MSMLS-List	0.05407751	1000	173.0813	0	0	0	0	0	0	0	0	1000	5910.291	16128.71	10703.62	19114.13
	19	2	0	229.0113	0.9097795	0		D-RIBOSE 5-PHOSPHATE	D-RIBOSE 5-PHOSPHATE	T	2017_05_10RG_HILIC15-Neg_MSMLS-List	7.690221	1000	229.0113	0	0	0	0	0	0	0	0	1000	312.8668	1187.116	2938.883	1189.051
	19	2	0	229.0113	0.9097795	0		D-RIBOSE 5-PHOSPHATE	D-RIBOSE 5-PHOSPHATE	T	2017_05_10RG_HILIC15-Neg_MSMLS-List	0.4202205	1000	229.0113	0	0	0	0	0	0	0	0	1000	312.8668	1187.116	2938.883	1189.051
	20	6	0	145.0501	0.9178258	0		3-METHYGLUTARIC ACID	3-METHYGLUTARIC ACID	T	2017_05_10RG_HILIC15-Neg_MSMLS-List	0.5121741	1000	145.0501	0	0	0	0	0	0	0	0	1000	6821.009	11957.86	24531.69	14965.76
	20	6	0	145.0501	0.9178258	0		ADIPIC ACID	ADIPIC ACID	T	2017_05_10RG_HILIC15-Neg_MSMLS-List	0.3921741	1000	145.0501	0	0	0	0	0	0	0	0	1000	6821.009	11957.86	24531.69	14965.76
	20	6	0	145.0501	0.9178258	0		2-METHYLGLUTARIC ACID	2-METHYLGLUTARIC ACID	B-1min	2017_05_10RG_HILIC15-Neg_MSMLS-List	0.4121742	1000	145.0501	0	0	0	0	0	0	0	0	1000	6821.009	11957.86	24531.69	14965.76
	21	5	0	122.0244	0.9522825	0		NICOTINATE	NICOTINATE	B-1.5min	2017_05_10RG_HILIC15-Neg_MSMLS-List	1.667717	1000	122.0244	0	0	0	0	0	0	0	0	1000	429.0645	253207.3	154450	74730.93
	22	4	0	103.0397	0.9729667	0		ALPHA-HYDROXYISOBUTYRIC ACID	ALPHA-HYDROXYISOBUTYRIC ACID	B-4min	2017_05_10RG_HILIC15-Neg_MSMLS-List	0.1470333	1000	103.0397	0	0	0	0	0	0	0	0	1000	452.2982	28772.13	19349.52	196886.7
	22	4	0	103.0397	0.9729667	0		3-HYDROXYBUTANOIC ACID	3-HYDROXYBUTANOIC ACID	T	2017_05_10RG_HILIC15-Neg_MSMLS-List	-0.3049667	1000	103.0397	0	0	0	0	0	0	0	0	1000	452.2982	28772.13	19349.52	196886.7
	22	4	0	103.0397	0.9729667	0		2-HYDROXYBUTYRIC ACID	2-HYDROXYBUTYRIC ACID	B-3.5min	2017_05_10RG_HILIC15-Neg_MSMLS-List	2.277033	1000	103.0397	0	0	0	0	0	0	0	0	1000	452.2982	28772.13	19349.52	196886.7
	22	4	0	103.0397	0.9729667	0		2-HYDROXYBUTYRIC ACID	2-HYDROXYBUTYRIC ACID	B-3.5min	2017_05_10RG_HILIC15-Neg_MSMLS-List	1.807033	1000	103.0397	0	0	0	0	0	0	0	0	1000	452.2982	28772.13	19349.52	196886.7
	22	4	0	103.0397	0.9729667	0		3-HYDROXYBUTANOIC ACID	3-HYDROXYBUTANOIC ACID	T	2017_05_10RG_HILIC15-Neg_MSMLS-List	0.0200333	1000	103.0397	0	0	0	0	0	0	0	0	1000	452.2982	28772.13	19349.52	196886.7
	22	4	0	103.0397	0.9729667	0		ALPHA-HYDROXYISOBUTYRIC ACID	ALPHA-HYDROXYISOBUTYRIC ACID	B-4min	2017_05_10RG_HILIC15-Neg_MSMLS-List	2.287033	1000	103.0397	0	0	0	0	0	0	0	0	1000	452.2982	28772.13	19349.52	196886.7
	23	5	0	137.0239	1.050039	0		4-HYDROXYBENZOATE	4-HYDROXYBENZOATE	B-1min	2017_05_10RG_HILIC15-Neg_MSMLS-List	0.2999609	1000	137.0239	0	0	0	0	0	0	0	0	1000	2641.547	37661.06	37368.46	129442.6
	23	5	0	137.0239	1.050039	0		4-HYDROXYBENZOATE	4-HYDROXYBENZOATE	B-1min	2017_05_10RG_HILIC15-Neg_MSMLS-List	0.6499609	1000	137.0239	0	0	0	0	0	0	0	0	1000	2641.547	37661.06	37368.46	129442.6
	23	5	0	137.0239	1.050039	0		SALICYLATE	SALICYLATE	T	2017_05_10RG_HILIC15-Neg_MSMLS-List	2.409961	1000	137.0239	0	0	0	0	0	0	0	0	1000	2641.547	37661.06	37368.46	129442.6
	23	5	0	137.0239	1.050039	0		3-HYDROXYBENZOATE	3-HYDROXYBENZOATE	B-1min	2017_05_10RG_HILIC15-Neg_MSMLS-List	0.6399609	1000	137.0239	0	0	0	0	0	0	0	0	1000	2641.547	37661.06	37368.46	129442.6
	24	1	0	147.0658	1.591915	0		MEVALOLACTONE	MEVALOLACTONE	B-1min	2017_05_10RG_HILIC15-Neg_MSMLS-List	0.06808484	1000	147.0658	0	0	0	0	0	0	0	0	1000	0	14942.18	12876.53	9704.185
	25	4	0	172.0974	1.684728	0		N-ACETYL-L-LEUCINE	N-ACETYL-L-LEUCINE	T	2017_05_10RG_HILIC15-Neg_MSMLS-List	-0.08472776	1000	172.0974	0	0	0	0	0	0	0	0	1000	0	40890.04	49503.98	40635.5
	26	5	0	144.0662	1.707387	0		4-ACETAMIDOBUTANOATE	4-ACETAMIDOBUTANOATE	T	2017_05_10RG_HILIC15-Neg_MSMLS-List	0.07261252	1000	144.0662	0	0	0	0	0	0	0	0	1000	759.3335	135257.1	116682.6	113268.4
	27	1	0	243.0801	1.807089	0		BIOTIN	BIOTIN	0	2017_05_10RG_HILIC15-Neg_MSMLS-List	1.772911	1000	243.0801	0	0	0	0	0	0	0	0	1000	0	3490.311	2202.736	2049.657
	28	9	0	119.0359	1.924717	0		PURINE	PURINE	B-1.5min	2017_05_10RG_HILIC15-Neg_MSMLS-List	1.095283	1000	119.0359	0	0	0	0	0	0	0	0	1000	4784.98	354348.5	303473	345906.1
	29	4	0	100.0401	1.981233	0		1-AMINOCYCLOPROPANE-1-CARBOXYLATE	1-AMINOCYCLOPROPANE-1-CARBOXYLATE	T	2017_05_10RG_HILIC15-Neg_MSMLS-List	6.078767	1000	100.0401	0	0	0	0	0	0	0	0	1000	0	11348.69	10465.25	11357.48
	30	5	0	73.02924	2.138917	0		PROPANOATE	PROPANOATE	T	2017_05_10RG_HILIC15-Neg_MSMLS-List	0.5610833	1000	73.02924	0	0	0	0	0	0	0	0	1000	3677.935	95385.85	1164326	180545.4
	31	10	0	178.0504	2.14845	0		HIPPURATE	HIPPURATE	T	2017_05_10RG_HILIC15-Neg_MSMLS-List	0.2315502	1000	178.0504	0	0	0	0	0	0	0	0	1000	317.4701	241299.9	164793.4	212373.8
	32	12	0	169.0503	2.299379	0		3-4-DIHYDROXYPHENYL GLYCOL	3-4-DIHYDROXYPHENYL GLYCOL	B-1min	2017_05_10RG_HILIC15-Neg_MSMLS-List	1.410621	1000	169.0503	0	0	0	0	0	0	0	0	1000	326.5584	4349.444	4581.297	2414.489
	32	12	0	169.0503	2.299379	0		3-4-DIHYDROXYPHENYL GLYCOL	3-4-DIHYDROXYPHENYL GLYCOL	B-1min	2017_05_10RG_HILIC15-Neg_MSMLS-List	2.610621	1000	169.0503	0	0	0	0	0	0	0	0	1000	326.5584	4349.444	4581.297	2414.489
	33	3	0	226.0844	2.349989	0		DEOXYCYTIDINE	DEOXYCYTIDINE	T	2017_05_10RG_HILIC15-Neg_MSMLS-List	3.370011	1000	226.0844	0	0	0	0	0	0	0	0	1000	0	10611.6	4252.649	3396.826
	34	1	0	563.0705	2.354006	0		THYMIDINE-5-DIPHOSPHO-ALPHA-D-GLUCOSE	THYMIDINE-5-DIPHOSPHO-ALPHA-D-GLUCOSE	T	2017_05_10RG_HILIC15-Neg_MSMLS-List	6.595994	1000	563.0705	0	0	0	0	0	0	0	0	1000	0	4493.156	3319.656	4103.587
	35	1	0	206.0816	2.556833	0		N-ACETYL-L-PHENYLALANINE	N-ACETYL-L-PHENYLALANINE	T	2017_05_10RG_HILIC15-Neg_MSMLS-List	-0.1068332	1000	206.0816	0	0	0	0	0	0	0	0	1000	0	7528.573	7202.352	7123.857
	36	1	0	190.0538	2.706461	0		N-ACETYL-DL-METHIONINE	N-ACETYL-DL-METHIONINE	B-1min	2017_05_10RG_HILIC15-Neg_MSMLS-List	-0.146461	1000	190.0538	0	0	0	0	0	0	0	0	1000	0	9929.515	30217.84	17487.35
	37	7	0	182.0452	3.247844	0		4-PYRIDOXATE	4-PYRIDOXATE	B-5min	2017_05_10RG_HILIC15-Neg_MSMLS-List	5.552155	1000	182.0452	0	0	0	0	0	0	0	0	1000	0	4205.418	2880.634	3336.874
	37	7	0	182.0452	3.247844	0		4-PYRIDOXATE	4-PYRIDOXATE	B-5min	2017_05_10RG_HILIC15-Neg_MSMLS-List	4.432156	1000	182.0452	0	0	0	0	0	0	0	0	1000	0	4205.418	2880.634	3336.874
	37	7	0	182.0452	3.247844	0		4-PYRIDOXATE	4-PYRIDOXATE	B-5min	2017_05_10RG_HILIC15-Neg_MSMLS-List	1.972155	1000	182.0452	0	0	0	0	0	0	0	0	1000	0	4205.418	2880.634	3336.874
	38	18	0	114.0193	3.460711	0		MALEAMATE	MALEAMATE	T	2017_05_10RG_HILIC15-Neg_MSMLS-List	-2.477711	1000	114.0193	0	0	0	0	0	0	0	0	1000	0	14190.5	14215.31	15227.14
	39	17	0	110.0243	3.488708	0		PYRROLE-2-CARBOXYLATE	PYRROLE-2-CARBOXYLATE	T	2017_05_10RG_HILIC15-Neg_MSMLS-List	-2.527709	1000	110.0243	0	0	0	0	0	0	0	0	1000	667.9337	757.2692	850.3796	6025.437
	40	4	0	157.0249	3.646205	0		[S]-DIHYDROOROTATE	[S]-DIHYDROOROTATE	T	2017_05_10RG_HILIC15-Neg_MSMLS-List	2.363795	1000	157.0249	0	0	0	0	0	0	0	0	1000	0	4780.769	2523.73	3603.433
	41	21	0	102.0193	3.728979	0		N-FORMYLGLYCINE	N-FORMYLGLYCINE	T	2017_05_10RG_HILIC15-Neg_MSMLS-List	-0.0289793	1000	102.0193	0	0	0	0	0	0	0	0	1000	967.564	22271.35	21742.09	18684.95
	42	12	0	241.0823	3.830633	0		THYMIDINE	THYMIDINE	B-1min	2017_05_10RG_HILIC15-Neg_MSMLS-List	-2.240633	1000	241.0823	0	0	0	0	0	0	0	0	1000	0	8481.282	7436.618	5924.877
	43	2	0	427.007	3.837267	0		INOSINE 5-DIPHOSPHATE	INOSINE 5-DIPHOSPHATE	B-2min	2017_05_10RG_HILIC15-Neg_MSMLS-List	7.362733	1000	427.007	0	0	0	0	0	0	0	0	1000	0	6794.702	4998.146	7836.49
	44	3	0	145.0614	4.071228	0		L-GLUTAMINE	L-GLUTAMINE	T	2017_05_10RG_HILIC15-Neg_MSMLS-List	4.118772	1000	145.0614	0	0	0	0	0	0	0	0	1000	0	1701.48	4093.589	1230.339
	45	0	0	333.0486	4.097827	0		NICOTINAMIDE MONONUCLEOTIDE	NICOTINAMIDE MONONUCLEOTIDE	T	2017_05_10RG_HILIC15-Neg_MSMLS-List	4.352172	1000	333.0486	0	0	0	0	0	0	0	0	1000	0	16863.27	13277.25	11034.98
	46	7	0	207.0768	4.130972	0		KYNURENINE	KYNURENINE	0	2017_05_10RG_HILIC15-Neg_MSMLS-List	2.629028	1000	207.0768	0	0	0	0	0	0	0	0	1000	0	45261.53	47720.32	38771.45
	46	7	0	207.0768	4.130972	0		L-KYNURENINE	L-KYNURENINE	T	2017_05_10RG_HILIC15-Neg_MSMLS-List	2.629028	1000	207.0768	0	0	0	0	0	0	0	0	1000	0	45261.53	47720.32	38771.45
	47	12	0	115.0033	4.346217	0		MALEIC ACID	MALEIC ACID	T	2017_05_10RG_HILIC15-Neg_MSMLS-List	0.7537832	1000	115.0033	0	0	0	0	0	0	0	0	1000	3464.185	340558.9	382494.9	91231.57
	47	12	0	115.0033	4.346217	0		FUMARATE	FUMARATE	T	2017_05_10RG_HILIC15-Neg_MSMLS-List	0.3037834	1000	115.0033	0	0	0	0	0	0	0	0	1000	3464.185	340558.9	382494.9	91231.57
	48	8	0	160.061	4.469278	0		ALPHA-AMINOADIPATE	ALPHA-AMINOADIPATE	T	2017_05_10RG_HILIC15-Neg_MSMLS-List	3.710722	1000	160.061	0	0	0	0	0	0	0	0	1000	0	82160.43	80835.84	96378
	48	8	0	160.061	4.469278	0		N-METHYL-L-GLUTAMATE	N-METHYL-L-GLUTAMATE	T	2017_05_10RG_HILIC15-Neg_MSMLS-List	3.730722	1000	160.061	0	0	0	0	0	0	0	0	1000	0	82160.43	80835.84	96378
	49	23	0	135.0308	4.478875	0		HYPOXANTHINE	HYPOXANTHINE	T	2017_05_10RG_HILIC15-Neg_MSMLS-List	-0.04887533	1000	135.0308	0	0	0	0	0	0	0	0	1000	2034.846	19824.13	2047652	3756092
	50	4	0	189.0889	4.525208	0		LL-2-6-DIAMINOHEPTANEDIOATE	LL-2-6-DIAMINOHEPTANEDIOATE	T	2017_05_10RG_HILIC15-Neg_MSMLS-List	4.164792	1000	189.0889	0	0	0	0	0	0	0	0	1000	6669.848	15410.74	12120.69	12304.93
	51	11	0	173.0562	4.596294	0		N-ALPHA-ACETYL-L-ASPARAGINE	N-ALPHA-ACETYL-L-ASPARAGINE	T	2017_05_10RG_HILIC15-Neg_MSMLS-List	1.023705	1000	173.0562	0	0	0	0	0	0	0	0	1000	0	66752.85	44056.92	62222.07
	52	15	0	96.00878	4.607846	0		MALEIMIDE	MALEIMIDE	T	2017_05_10RG_HILIC15-Neg_MSMLS-List	0.1821537	1000	96.00878	0	0	0	0	0	0	0	0	1000	4554.291	8078.65	4266.437	19609.19
	53	1	0	266.0887	4.643844	0		ADENOSINE	ADENOSINE	T	2017_05_10RG_HILIC15-Neg_MSMLS-List	-0.4238443	1000	266.0887	0	0	0	0	0	0	0	0	1000	0	10373.01	16050.74	5283.112
	53	1	0	266.0887	4.643844	0		2-DEOXYGUANOSINE	2-DEOXYGUANOSINE	T	2017_05_10RG_HILIC15-Neg_MSMLS-List	1.316156	1000	266.0887	0	0	0	0	0	0	0	0	1000	0	10373.01	16050.74	5283.112
	54	5	0	189.0888	4.644517	0		LL-2-6-DIAMINOHEPTANEDIOATE	LL-2-6-DIAMINOHEPTANEDIOATE	T	2017_05_10RG_HILIC15-Neg_MSMLS-List	4.045483	1000	189.0888	0	0	0	0	0	0	0	0	1000	5421.33	27557.51	27133.31	22883.45
	55	2	0	308.0978	4.662872	0		N-ACETYLNEURAMINATE	N-ACETYLNEURAMINATE	B-2min	2017_05_10RG_HILIC15-Neg_MSMLS-List	4.137128	1000	308.0978	0	0	0	0	0	0	0	0	1000	0	110408.5	84608.43	44547.23
	56	1	0	157.0361	4.704078	0		ALLANTOIN	ALLANTOIN	T	2017_05_10RG_HILIC15-Neg_MSMLS-List	0.2059216	1000	157.0361	0	0	0	0	0	0	0	0	1000	0	35453.96	25304.37	47216.64
	55	33	0	128.0349	4.738433	0		5-OXO-L-PROLINE	5-OXO-L-PROLINE	B-1min	2017_05_10RG_HILIC15-Neg_MSMLS-List	-0.2184329	1000	128.0349	0	0	0	0	0	0	0	0	1000	25496.4	2.101256e+08	1.75889e+08	1.915721e+08
	55	33	0	128.0349	4.738433	0		5-OXO-D-PROLINE	5-OXO-D-PROLINE	B-1min	2017_05_10RG_HILIC15-Neg_MSMLS-List	-0.2284327	1000	128.0349	0	0	0	0	0	0	0	0	1000	25496.4	2.101256e+08	1.75889e+08	1.915721e+08
	57	16	0	96.00879	4.76475	0		MALEIMIDE	MALEIMIDE	T	2017_05_10RG_HILIC15-Neg_MSMLS-List	0.02524996	1000	96.00879	0	0	0	0	0	0	0	0	1000	4727.451	18480.05	9084.147	10551.03
	58	26	0	134.0468	4.782659	0		ADENINE	ADENINE	T	2017_05_10RG_HILIC15-Neg_MSMLS-List	0.007341385	1000	134.0468	0	0	0	0	0	0	0	0	1000	12169.23	1.499966e+07	1.206532e+07	1.540626e+07
	58	26	0	134.0468	4.782659	0		ADENINE	ADENINE	T	2017_05_10RG_HILIC15-Neg_MSMLS-List	-0.1926584	1000	134.0468	0	0	0	0	0	0	0	0	1000	12169.23	1.499966e+07	1.206532e+07	1.540626e+07
	58	26	0	134.0468	4.782659	0		ADENINE	ADENINE	T	2017_05_10RG_HILIC15-Neg_MSMLS-List	-0.2026587	1000	134.0468	0	0	0	0	0	0	0	0	1000	12169.23	1.499966e+07	1.206532e+07	1.540626e+07
	59	23	0	129.0189	4.87455	0		2-METHYLMALEATE	2-METHYLMALEATE	T	2017_05_10RG_HILIC15-Neg_MSMLS-List	0.1154494	1000	129.0189	0	0	0	0	0	0	0	0	1000	10696.95	56643.26	37885.78	41902.96
	59	23	0	129.0189	4.87455	0		ITACONATE	ITACONATE	T	2017_05_10RG_HILIC15-Neg_MSMLS-List	-1.35455	1000	129.0189	0	0	0	0	0	0	0	0	1000	10696.95	56643.26	37885.78	41902.96
	60	30	0	85.02921	4.952122	0		DIACETYL	DIACETYL	T	2017_05_10RG_HILIC15-Neg_MSMLS-List	-4.013122	1000	85.02921	0	0	0	0	0	0	0	0	1000	0	3692.67	2717.562	10983.24
	60	30	0	85.02921	4.952122	0		DIACETYL	DIACETYL	T	2017_05_10RG_HILIC15-Neg_MSMLS-List	-4.275122	1000	85.02921	0	0	0	0	0	0	0	0	1000	0	3692.67	2717.562	10983.24
	60	30	0	85.02921	4.952122	0		DIACETYL	DIACETYL	T	2017_05_10RG_HILIC15-Neg_MSMLS-List	0.02787781	1000	85.02921	0	0	0	0	0	0	0	0	1000	0	3692.67	2717.562	10983.24
	60	30	0	85.02921	4.952122	0		DIACETYL	DIACETYL	T	2017_05_10RG_HILIC15-Neg_MSMLS-List	0.8778777	1000	85.02921	0	0	0	0	0	0	0	0	1000	0	3692.67	2717.562	10983.24
	61	11	0	149.045	4.958567	0		ARABINOSE	ARABINOSE	B-1.5min	2017_05_10RG_HILIC15-Neg_MSMLS-List	-1.738567	1000	149.045	0	0	0	0	0	0	0	0	1000	0	3454.356	3756.297	10882.08
	61	11	0	149.045	4.958567	0		D-LYXOSE	D-LYXOSE	B-1min	2017_05_10RG_HILIC15-Neg_MSMLS-List	-1.548567	1000	149.045	0	0	0	0	0	0	0	0	1000	0	3454.356	3756.297	10882.08
	61	11	0	149.045	4.958567	0		D-RIBOSE	D-RIBOSE	B-2min	2017_05_10RG_HILIC15-Neg_MSMLS-List	-2.668567	1000	149.045	0	0	0	0	0	0	0	0	1000	0	3454.356	3756.297	10882.08
	61	11	0	149.045	4.958567	0		ARABINOSE	ARABINOSE	B-1.5min	2017_05_10RG_HILIC15-Neg_MSMLS-List	-1.068567	1000	149.045	0	0	0	0	0	0	0	0	1000	0	3454.356	3756.297	10882.08
	61	11	0	149.045	4.958567	0		D-[-]-ARABINOSE	D-[-]-ARABINOSE	B-1.5min	2017_05_10RG_HILIC15-Neg_MSMLS-List	-1.058567	1000	149.045	0	0	0	0	0	0	0	0	1000	0	3454.356	3756.297	10882.08
	61	11	0	149.045	4.958567	0		D-[-]-ARABINOSE	D-[-]-ARABINOSE	B-1.5min	2017_05_10RG_HILIC15-Neg_MSMLS-List	-1.768567	1000	149.045	0	0	0	0	0	0	0	0	1000	0	3454.356	3756.297	10882.08
	61	11	0	149.045	4.958567	0		D-XYLOSE	D-XYLOSE	B-1.5min	2017_05_10RG_HILIC15-Neg_MSMLS-List	-1.528567	1000	149.045	0	0	0	0	0	0	0	0	1000	0	3454.356	3756.297	10882.08
	62	4	0	167.0205	4.976467	0		URATE	URATE	T	2017_05_10RG_HILIC15-Neg_MSMLS-List	0.8535333	1000	167.0205	0	0	0	0	0	0	0	0	1000	11196.13	29376.11	16218.98	23295.24
	63	14	0	115.0033	4.986291	0		FUMARATE	FUMARATE	T	2017_05_10RG_HILIC15-Neg_MSMLS-List	-0.3362913	1000	115.0033	0	0	0	0	0	0	0	0	1000	84281.51	502433.9	325638	433390.2
	63	14	0	115.0033	4.986291	0		MALEIC ACID	MALEIC ACID	T	2017_05_10RG_HILIC15-Neg_MSMLS-List	0.1137085	1000	115.0033	0	0	0	0	0	0	0	0	1000	84281.51	502433.9	325638	433390.2
	64	28	0	71.01359	4.991287	0		PROPENOATE	PROPENOATE	T	2017_05_10RG_HILIC15-Neg_MSMLS-List	-4.412287	1000	71.01359	0	0	0	0	0	0	0	0	1000	11980.36	57703.16	47610.18	72928.02
	65	10	0	188.0559	5.046039	0		N-ACETYL-DL-GLUTAMIC ACID	N-ACETYL-DL-GLUTAMIC ACID	T	2017_05_10RG_HILIC15-Neg_MSMLS-List	0.08396101	1000	188.0559	0	0	0	0	0	0	0	0	1000	0	59774.79	46690.49	43282.15
	66	2	0	212.0018	5.046516	0		INDOXYL SULFATE	INDOXYL SULFATE	T	2017_05_10RG_HILIC15-Neg_MSMLS-List	0.2334838	1000	212.0018	0	0	0	0	0	0	0	0	1000	0	0	0	4486.218
	67	9	0	223.0718	5.126923	0		3-HYDROXYKYNURENINE	3-HYDROXYKYNURENINE	T	2017_05_10RG_HILIC15-Neg_MSMLS-List	2.093077	1000	223.0718	0	0	0	0	0	0	0	0	1000	0	19821.5	29037	22841.41
	68	20	0	174.0402	5.217778	0		N-ACETYL-L-ASPARTIC ACID	N-ACETYL-L-ASPARTIC ACID	T	2017_05_10RG_HILIC15-Neg_MSMLS-List	0.5322223	1000	174.0402	0	0	0	0	0	0	0	0	1000	0	92502.77	79228.41	75109.43
	69	6	0	242.0775	5.321667	0		CYTIDINE	CYTIDINE	T	2017_05_10RG_HILIC15-Neg_MSMLS-List	0.7083335	1000	242.0775	0	0	0	0	0	0	0	0	1000	0	37646.06	38123.25	29681.7
	70	25	0	179.0555	5.351754	0		ALLOSE	ALLOSE	B1.5min	2017_05_10RG_HILIC15-Neg_MSMLS-List	-1.541754	1000	179.0555	0	0	0	0	0	0	0	0	1000	870.4432	481617.9	381729.9	1216705
	70	25	0	179.0555	5.351754	0		D-FRUCTOSE	D-FRUCTOSE	T	2017_05_10RG_HILIC15-Neg_MSMLS-List	-0.9017544	1000	179.0555	0	0	0	0	0	0	0	0	1000	870.4432	481617.9	381729.9	1216705
	70	25	0	179.0555	5.351754	0		D-TAGATOSE	D-TAGATOSE	B-1.5min	2017_05_10RG_HILIC15-Neg_MSMLS-List	-0.1617541	1000	179.0555	0	0	0	0	0	0	0	0	1000	870.4432	481617.9	381729.9	1216705
	70	25	0	179.0555	5.351754	0		D-FRUCTOSE	D-FRUCTOSE	T	2017_05_10RG_HILIC15-Neg_MSMLS-List	-0.1717544	1000	179.0555	0	0	0	0	0	0	0	0	1000	870.4432	481617.9	381729.9	1216705
	70	25	0	179.0555	5.351754	0		D-GALACTOSE	D-GALACTOSE	B-2min	2017_05_10RG_HILIC15-Neg_MSMLS-List	-0.4617543	1000	179.0555	0	0	0	0	0	0	0	0	1000	870.4432	481617.9	381729.9	1216705
	70	25	0	179.0555	5.351754	0		MYO-INOSITOL	MYO-INOSITOL	T	2017_05_10RG_HILIC15-Neg_MSMLS-List	1.468246	1000	179.0555	0	0	0	0	0	0	0	0	1000	870.4432	481617.9	381729.9	1216705
	70	25	0	179.0555	5.351754	0		D-TAGATOSE	D-TAGATOSE	B-1.5min	2017_05_10RG_HILIC15-Neg_MSMLS-List	0.2782459	1000	179.0555	0	0	0	0	0	0	0	0	1000	870.4432	481617.9	381729.9	1216705
	70	25	0	179.0555	5.351754	0		L-SORBOSE	L-SORBOSE	B-1min	2017_05_10RG_HILIC15-Neg_MSMLS-List	-0.8517542	1000	179.0555	0	0	0	0	0	0	0	0	1000	870.4432	481617.9	381729.9	1216705
	70	25	0	179.0555	5.351754	0		ALLOSE	ALLOSE	B1.5min	2017_05_10RG_HILIC15-Neg_MSMLS-List	-0.551754	1000	179.0555	0	0	0	0	0	0	0	0	1000	870.4432	481617.9	381729.9	1216705
	70	25	0	179.0555	5.351754	0		D-PSICOSE	D-PSICOSE	B-1min	2017_05_10RG_HILIC15-Neg_MSMLS-List	-1.651754	1000	179.0555	0	0	0	0	0	0	0	0	1000	870.4432	481617.9	381729.9	1216705
	70	25	0	179.0555	5.351754	0		D-GALACTOSE	D-GALACTOSE	B-2min	2017_05_10RG_HILIC15-Neg_MSMLS-List	0.3282456	1000	179.0555	0	0	0	0	0	0	0	0	1000	870.4432	481617.9	381729.9	1216705
	70	25	0	179.0555	5.351754	0		D-GALACTOSE	D-GALACTOSE	B-2min	2017_05_10RG_HILIC15-Neg_MSMLS-List	2.378246	1000	179.0555	0	0	0	0	0	0	0	0	1000	870.4432	481617.9	381729.9	1216705
	70	25	0	179.0555	5.351754	0		D-FRUCTOSE	D-FRUCTOSE	T	2017_05_10RG_HILIC15-Neg_MSMLS-List	0.2682457	1000	179.0555	0	0	0	0	0	0	0	0	1000	870.4432	481617.9	381729.9	1216705
	70	25	0	179.0555	5.351754	0		D-TAGATOSE	D-TAGATOSE	B-1.5min	2017_05_10RG_HILIC15-Neg_MSMLS-List	-1.031754	1000	179.0555	0	0	0	0	0	0	0	0	1000	870.4432	481617.9	381729.9	1216705
	70	25	0	179.0555	5.351754	0		ALPHA-D-GLUCOSE	ALPHA-D-GLUCOSE	B-2min	2017_05_10RG_HILIC15-Neg_MSMLS-List	0.2682457	1000	179.0555	0	0	0	0	0	0	0	0	1000	870.4432	481617.9	381729.9	1216705
	70	25	0	179.0555	5.351754	0		MANNOSE	MANNOSE	T	2017_05_10RG_HILIC15-Neg_MSMLS-List	-0.301754	1000	179.0555	0	0	0	0	0	0	0	0	1000	870.4432	481617.9	381729.9	1216705
	70	29	0	101.024	5.386058	0		ACETOACETATE	ACETOACETATE	T	2017_05_10RG_HILIC15-Neg_MSMLS-List	-4.706059	1000	101.024	0	0	0	0	0	0	0	0	1000	3142.042	47496.17	40583.75	110944.5
	70	29	0	101.024	5.386058	0		SUCCINATE SEMIALDEHYDE	SUCCINATE SEMIALDEHYDE	T	2017_05_10RG_HILIC15-Neg_MSMLS-List	-4.470058	1000	101.024	0	0	0	0	0	0	0	0	1000	3142.042	47496.17	40583.75	110944.5
	70	29	0	101.024	5.386058	0		SUCCINATE SEMIALDEHYDE	SUCCINATE SEMIALDEHYDE	T	2017_05_10RG_HILIC15-Neg_MSMLS-List	-4.693058	1000	101.024	0	0	0	0	0	0	0	0	1000	3142.042	47496.17	40583.75	110944.5
	70	29	0	101.024	5.386058	0		ACETOACETATE	ACETOACETATE	T	2017_05_10RG_HILIC15-Neg_MSMLS-List	-4.445058	1000	101.024	0	0	0	0	0	0	0	0	1000	3142.042	47496.17	40583.75	110944.5
	71	13	0	149.045	5.405794	0		ARABINOSE	ARABINOSE	B-1.5min	2017_05_10RG_HILIC15-Neg_MSMLS-List	-1.515794	1000	149.045	0	0	0	0	0	0	0	0	1000	0	6195.98	1284.334	19510.34
	71	13	0	149.045	5.405794	0		ARABINOSE	ARABINOSE	B-1.5min	2017_05_10RG_HILIC15-Neg_MSMLS-List	-2.185794	1000	149.045	0	0	0	0	0	0	0	0	1000	0	6195.98	1284.334	19510.34
	71	13	0	149.045	5.405794	0		D-XYLOSE	D-XYLOSE	B-1.5min	2017_05_10RG_HILIC15-Neg_MSMLS-List	-1.975794	1000	149.045	0	0	0	0	0	0	0	0	1000	0	6195.98	1284.334	19510.34
	71	13	0	149.045	5.405794	0		D-[-]-ARABINOSE	D-[-]-ARABINOSE	B-1.5min	2017_05_10RG_HILIC15-Neg_MSMLS-List	-2.215794	1000	149.045	0	0	0	0	0	0	0	0	1000	0	6195.98	1284.334	19510.34
	71	13	0	149.045	5.405794	0		D-LYXOSE	D-LYXOSE	B-1min	2017_05_10RG_HILIC15-Neg_MSMLS-List	-1.995794	1000	149.045	0	0	0	0	0	0	0	0	1000	0	6195.98	1284.334	19510.34
	71	13	0	149.045	5.405794	0		D-RIBOSE	D-RIBOSE	B-2min	2017_05_10RG_HILIC15-Neg_MSMLS-List	-3.115794	1000	149.045	0	0	0	0	0	0	0	0	1000	0	6195.98	1284.334	19510.34
	71	13	0	149.045	5.405794	0		D-[-]-ARABINOSE	D-[-]-ARABINOSE	B-1.5min	2017_05_10RG_HILIC15-Neg_MSMLS-List	-1.505794	1000	149.045	0	0	0	0	0	0	0	0	1000	0	6195.98	1284.334	19510.34
	72	6	0	145.0137	5.410279	0		ALPHA-KETOGLUTARIC ACID	ALPHA-KETOGLUTARIC ACID	B-2min	2017_05_10RG_HILIC15-Neg_MSMLS-List	2.239721	1000	145.0137	0	0	0	0	0	0	0	0	1000	3449.042	11791.23	4264.846	7782.535
	73	27	0	218.0663	5.457333	0		O-SUCCINYL-L-HOMOSERINE	O-SUCCINYL-L-HOMOSERINE	0	2017_05_10RG_HILIC15-Neg_MSMLS-List	2.532667	1000	218.0663	0	0	0	0	0	0	0	0	1000	0	6049.096	12473.9	9425.672
	74	1	0	173.0085	5.606495	0		DEHYDRO-L-[+]-ASCORBIC ACID DIMER	DEHYDRO-L-[+]-ASCORBIC ACID DIMER	B-2min	2017_05_10RG_HILIC15-Neg_MSMLS-List	-3.886495	1000	173.0085	0	0	0	0	0	0	0	0	1000	0	75027.8	148285.3	560338.2
	74	1	0	173.0085	5.606495	0		TRANS-ACONITATE	TRANS-ACONITATE	T	2017_05_10RG_HILIC15-Neg_MSMLS-List	0.223505	1000	173.0085	0	0	0	0	0	0	0	0	1000	0	75027.8	148285.3	560338.2
	74	1	0	173.0085	5.606495	0		DEHYDRO-L-[+]-ASCORBIC ACID DIMER	DEHYDRO-L-[+]-ASCORBIC ACID DIMER	B-2min	2017_05_10RG_HILIC15-Neg_MSMLS-List	-1.326495	1000	173.0085	0	0	0	0	0	0	0	0	1000	0	75027.8	148285.3	560338.2
	74	1	0	173.0085	5.606495	0		DEHYDROASCORBATE	DEHYDROASCORBATE	B-2.5min	2017_05_10RG_HILIC15-Neg_MSMLS-List	-1.346495	1000	173.0085	0	0	0	0	0	0	0	0	1000	0	75027.8	148285.3	560338.2
	74	1	0	173.0085	5.606495	0		TRANS-ACONITATE	TRANS-ACONITATE	T	2017_05_10RG_HILIC15-Neg_MSMLS-List	0.953505	1000	173.0085	0	0	0	0	0	0	0	0	1000	0	75027.8	148285.3	560338.2
	74	1	0	173.0085	5.606495	0		DEHYDROASCORBATE	DEHYDROASCORBATE	B-2.5min	2017_05_10RG_HILIC15-Neg_MSMLS-List	-3.866495	1000	173.0085	0	0	0	0	0	0	0	0	1000	0	75027.8	148285.3	560338.2
	74	33	0	85.0293	5.609938	0		DIACETYL	DIACETYL	T	2017_05_10RG_HILIC15-Neg_MSMLS-List	-4.670938	1000	85.0293	0	0	0	0	0	0	0	0	1000	778.0464	3912.339	16808.49	53836.43
	74	33	0	85.0293	5.609938	0		DIACETYL	DIACETYL	T	2017_05_10RG_HILIC15-Neg_MSMLS-List	-4.932938	1000	85.0293	0	0	0	0	0	0	0	0	1000	778.0464	3912.339	16808.49	53836.43
	74	33	0	85.0293	5.609938	0		DIACETYL	DIACETYL	T	2017_05_10RG_HILIC15-Neg_MSMLS-List	-0.6299376	1000	85.0293	0	0	0	0	0	0	0	0	1000	778.0464	3912.339	16808.49	53836.43
	74	33	0	85.0293	5.609938	0		DIACETYL	DIACETYL	T	2017_05_10RG_HILIC15-Neg_MSMLS-List	0.2200623	1000	85.0293	0	0	0	0	0	0	0	0	1000	778.0464	3912.339	16808.49	53836.43
	74	26	0	129.0189	5.6296	0		2-METHYLMALEATE	2-METHYLMALEATE	T	2017_05_10RG_HILIC15-Neg_MSMLS-List	-0.6396003	1000	129.0189	0	0	0	0	0	0	0	0	1000	1434.956	25664.9	45973.11	172946.9
	74	26	0	129.0189	5.6296	0		ITACONATE	ITACONATE	T	2017_05_10RG_HILIC15-Neg_MSMLS-List	-2.1096	1000	129.0189	0	0	0	0	0	0	0	0	1000	1434.956	25664.9	45973.11	172946.9
	75	2	0	288.1192	5.661661	0		OPHTHALMIC ACID	OPHTHALMIC ACID	T	2017_05_10RG_HILIC15-Neg_MSMLS-List	2.788339	1000	288.1192	0	0	0	0	0	0	0	0	1000	0	4165.541	1330.227	1112.148
	76	7	0	167.0206	5.706183	0		URATE	URATE	T	2017_05_10RG_HILIC15-Neg_MSMLS-List	0.1238165	1000	167.0206	0	0	0	0	0	0	0	0	1000	0	0	0	3836876
	77	0	0	337.0567	5.716606	0		5-AMINOIMIDAZOLE-4-CARBOXAMIDE-1-BETA-D-RIBOFURANOSYL 5-MONOPHOSPHATE	5-AMINOIMIDAZOLE-4-CARBOXAMIDE-1-BETA-D-RIBOFURANOSYL 5-MONOPHOSPHATE	T	2017_05_10RG_HILIC15-Neg_MSMLS-List	2.913394	1000	337.0567	0	0	0	0	0	0	0	0	1000	0	9004.405	6168.433	9130.94
	78	2	0	173.0085	5.797595	0		DEHYDROASCORBATE	DEHYDROASCORBATE	B-2.5min	2017_05_10RG_HILIC15-Neg_MSMLS-List	-1.537594	1000	173.0085	0	0	0	0	0	0	0	0	1000	0	21107.1	6321.241	12964.22
	78	2	0	173.0085	5.797595	0		DEHYDRO-L-[+]-ASCORBIC ACID DIMER	DEHYDRO-L-[+]-ASCORBIC ACID DIMER	B-2min	2017_05_10RG_HILIC15-Neg_MSMLS-List	-1.517594	1000	173.0085	0	0	0	0	0	0	0	0	1000	0	21107.1	6321.241	12964.22
	78	2	0	173.0085	5.797595	0		TRANS-ACONITATE	TRANS-ACONITATE	T	2017_05_10RG_HILIC15-Neg_MSMLS-List	0.03240538	1000	173.0085	0	0	0	0	0	0	0	0	1000	0	21107.1	6321.241	12964.22
	78	2	0	173.0085	5.797595	0		TRANS-ACONITATE	TRANS-ACONITATE	T	2017_05_10RG_HILIC15-Neg_MSMLS-List	0.7624054	1000	173.0085	0	0	0	0	0	0	0	0	1000	0	21107.1	6321.241	12964.22
	78	2	0	173.0085	5.797595	0		DEHYDROASCORBATE	DEHYDROASCORBATE	B-2.5min	2017_05_10RG_HILIC15-Neg_MSMLS-List	-4.057594	1000	173.0085	0	0	0	0	0	0	0	0	1000	0	21107.1	6321.241	12964.22
	78	2	0	173.0085	5.797595	0		DEHYDRO-L-[+]-ASCORBIC ACID DIMER	DEHYDRO-L-[+]-ASCORBIC ACID DIMER	B-2min	2017_05_10RG_HILIC15-Neg_MSMLS-List	-4.077595	1000	173.0085	0	0	0	0	0	0	0	0	1000	0	21107.1	6321.241	12964.22
	79	1	0	227.2027	5.859117	0		MYRISTIC ACID	MYRISTIC ACID	T	2017_05_10RG_HILIC15-Neg_MSMLS-List	-5.300117	1000	227.2027	0	0	0	0	0	0	0	0	1000	0	11606.91	6928.372	6081.152
	80	5	0	157.0249	5.859138	0		[S]-DIHYDROOROTATE	[S]-DIHYDROOROTATE	T	2017_05_10RG_HILIC15-Neg_MSMLS-List	0.1508617	1000	157.0249	0	0	0	0	0	0	0	0	1000	0	9742.657	4686.98	6181.417
	81	8	0	150.0416	5.914139	0		GUANINE	GUANINE	T	2017_05_10RG_HILIC15-Neg_MSMLS-List	0.02586126	1000	150.0416	0	0	0	0	0	0	0	0	1000	0	12448.56	210730.1	128458.4
	82	3	0	288.1193	5.95625	0		OPHTHALMIC ACID	OPHTHALMIC ACID	T	2017_05_10RG_HILIC15-Neg_MSMLS-List	2.49375	1000	288.1193	0	0	0	0	0	0	0	0	1000	0	10566.7	1960.188	1877.809
	83	8	0	191.0554	5.959267	0		QUINATE	QUINATE	B-3min	2017_05_10RG_HILIC15-Neg_MSMLS-List	3.190733	1000	191.0554	0	0	0	0	0	0	0	0	1000	0	3352.421	0	0
	84	1	0	337.0566	6.111811	0		5-AMINOIMIDAZOLE-4-CARBOXAMIDE-1-BETA-D-RIBOFURANOSYL 5-MONOPHOSPHATE	5-AMINOIMIDAZOLE-4-CARBOXAMIDE-1-BETA-D-RIBOFURANOSYL 5-MONOPHOSPHATE	T	2017_05_10RG_HILIC15-Neg_MSMLS-List	2.518189	1000	337.0566	0	0	0	0	0	0	0	0	1000	0	5470.283	11674.49	9594.178
	85	2	0	423.0308	6.318944	0		THIAMINE PYROPHOSPHATE	THIAMINE PYROPHOSPHATE	B-2min	2017_05_10RG_HILIC15-Neg_MSMLS-List	3.481056	1000	423.0308	0	0	0	0	0	0	0	0	1000	0	15563.71	21556.08	13433.71
	86	0	0	144.0773	6.367811	0		4-GUANIDINOBUTANOATE	4-GUANIDINOBUTANOATE	T	2017_05_10RG_HILIC15-Neg_MSMLS-List	0.002188683	1000	144.0773	0	0	0	0	0	0	0	0	1000	0	13905.21	10687.3	3686.202
	87	38	0	164.0711	6.760417	0		L-PHENYLALANINE	L-PHENYLALANINE	T	2017_05_10RG_HILIC15-Neg_MSMLS-List	-0.1104164	1000	164.0711	0	0	0	0	0	0	0	0	1000	2484.055	387123.6	386393.5	278849.3
	88	36	0	130.0868	6.803458	0		LEUCINE	LEUCINE	T	2017_05_10RG_HILIC15-Neg_MSMLS-List	-0.1034584	1000	130.0868	0	0	0	0	0	0	0	0	1000	3718.122	169561.9	115064.6	158500.6
	88	36	0	130.0868	6.803458	0		NORLEUCINE	NORLEUCINE	T	2017_05_10RG_HILIC15-Neg_MSMLS-List	-0.1234584	1000	130.0868	0	0	0	0	0	0	0	0	1000	3718.122	169561.9	115064.6	158500.6
	88	36	0	130.0868	6.803458	0		L-ISOLEUCINE	L-ISOLEUCINE	T	2017_05_10RG_HILIC15-Neg_MSMLS-List	-0.01345825	1000	130.0868	0	0	0	0	0	0	0	0	1000	3718.122	169561.9	115064.6	158500.6
	89	4	0	283.0693	6.890139	0		XANTHOSINE	XANTHOSINE	T	2017_05_10RG_HILIC15-Neg_MSMLS-List	-1.600139	1000	283.0693	0	0	0	0	0	0	0	0	1000	0	58259.42	61517.58	65743.16
	90	6	0	155.0093	6.996967	0		2-4-DIHYDROXYPYRIMIDINE-5-CARBOXYLIC ACID	2-4-DIHYDROXYPYRIMIDINE-5-CARBOXYLIC ACID	B-3min	2017_05_10RG_HILIC15-Neg_MSMLS-List	-4.936967	1000	155.0093	0	0	0	0	0	0	0	0	1000	0	234363.3	202523.2	185998.3
	90	6	0	155.0093	6.996967	0		OROTATE	OROTATE	T	2017_05_10RG_HILIC15-Neg_MSMLS-List	-0.02696705	1000	155.0093	0	0	0	0	0	0	0	0	1000	0	234363.3	202523.2	185998.3
	90	6	0	155.0093	6.996967	0		OROTIC ACID	OROTIC ACID	T	2017_05_10RG_HILIC15-Neg_MSMLS-List	-0.02696705	1000	155.0093	0	0	0	0	0	0	0	0	1000	0	234363.3	202523.2	185998.3
	90	6	0	155.0093	6.996967	0		2-4-DIHYDROXYPYRIMIDINE-5-CARBOXYLIC ACID	2-4-DIHYDROXYPYRIMIDINE-5-CARBOXYLIC ACID	B-3min	2017_05_10RG_HILIC15-Neg_MSMLS-List	-3.706967	1000	155.0093	0	0	0	0	0	0	0	0	1000	0	234363.3	202523.2	185998.3
	91	0	0	124.0069	7.088284	0		TAURINE	TAURINE	T	2017_05_10RG_HILIC15-Neg_MSMLS-List	0.07171631	1000	124.0069	0	0	0	0	0	0	0	0	1000	0	4072.49	4520.261	231156.2
	92	36	0	148.0433	7.1033	0		L-METHIONINE	L-METHIONINE	T	2017_05_10RG_HILIC15-Neg_MSMLS-List	-0.09329987	1000	148.0433	0	0	0	0	0	0	0	0	1000	2295.628	199703.4	232586.1	216241.6
	93	12	0	243.0613	7.318066	0		URIDINE	URIDINE	T	2017_05_10RG_HILIC15-Neg_MSMLS-List	-3.688066	1000	243.0613	0	0	0	0	0	0	0	0	1000	0	357358.2	298233.1	236110.4
	94	41	0	116.0713	7.406254	0		L-NORVALINE	L-NORVALINE	T	2017_05_10RG_HILIC15-Neg_MSMLS-List	-0.3162541	1000	116.0713	0	0	0	0	0	0	0	0	1000	2038.591	64637.47	53227.47	59899.14
	94	41	0	116.0713	7.406254	0		L-VALINE	L-VALINE	T	2017_05_10RG_HILIC15-Neg_MSMLS-List	-0.1662545	1000	116.0713	0	0	0	0	0	0	0	0	1000	2038.591	64637.47	53227.47	59899.14
	95	14	0	180.066	7.44395	0		L-TYROSINE	L-TYROSINE	T	2017_05_10RG_HILIC15-Neg_MSMLS-List	-0.01395035	1000	180.066	0	0	0	0	0	0	0	0	1000	0	388029.8	372455.9	322149.5
	96	3	0	341.1078	7.5418	0		SUCROSE	SUCROSE	T	2017_05_10RG_HILIC15-Neg_MSMLS-List	0.2881999	1000	341.1078	0	0	0	0	0	0	0	0	1000	0	72532.64	52092.61	59513.5
	96	3	0	341.1078	7.5418	0		D-[+]-CELLOBIOSE	D-[+]-CELLOBIOSE	T	2017_05_10RG_HILIC15-Neg_MSMLS-List	0.4481997	1000	341.1078	0	0	0	0	0	0	0	0	1000	0	72532.64	52092.61	59513.5
	96	3	0	341.1078	7.5418	0		SUCROSE	SUCROSE	T	2017_05_10RG_HILIC15-Neg_MSMLS-List	-0.04180002	1000	341.1078	0	0	0	0	0	0	0	0	1000	0	72532.64	52092.61	59513.5
	96	3	0	341.1078	7.5418	0		MALTOSE	MALTOSE	T	2017_05_10RG_HILIC15-Neg_MSMLS-List	0.4481997	1000	341.1078	0	0	0	0	0	0	0	0	1000	0	72532.64	52092.61	59513.5
	96	3	0	341.1078	7.5418	0		D-[+]-CELLOBIOSE	D-[+]-CELLOBIOSE	T	2017_05_10RG_HILIC15-Neg_MSMLS-List	0.06820011	1000	341.1078	0	0	0	0	0	0	0	0	1000	0	72532.64	52092.61	59513.5
	96	3	0	341.1078	7.5418	0		MELIBIOSE	MELIBIOSE	T	2017_05_10RG_HILIC15-Neg_MSMLS-List	0.6581998	1000	341.1078	0	0	0	0	0	0	0	0	1000	0	72532.64	52092.61	59513.5
	96	3	0	341.1078	7.5418	0		D-[+]-TREHALOSE	D-[+]-TREHALOSE	T	2017_05_10RG_HILIC15-Neg_MSMLS-List	0.5882001	1000	341.1078	0	0	0	0	0	0	0	0	1000	0	72532.64	52092.61	59513.5
	96	3	0	341.1078	7.5418	0		D-LACTOSE	D-LACTOSE	T	2017_05_10RG_HILIC15-Neg_MSMLS-List	0.5082002	1000	341.1078	0	0	0	0	0	0	0	0	1000	0	72532.64	52092.61	59513.5
	96	3	0	341.1078	7.5418	0		PALATINOSE	PALATINOSE	T	2017_05_10RG_HILIC15-Neg_MSMLS-List	0.2481999	1000	341.1078	0	0	0	0	0	0	0	0	1000	0	72532.64	52092.61	59513.5
	96	3	0	341.1078	7.5418	0		D-LACTOSE	D-LACTOSE	T	2017_05_10RG_HILIC15-Neg_MSMLS-List	0.3182001	1000	341.1078	0	0	0	0	0	0	0	0	1000	0	72532.64	52092.61	59513.5
	97	25	0	187.1082	7.680088	0		NALPHA-ACETYL-L-LYSINE	NALPHA-ACETYL-L-LYSINE	T	2017_05_10RG_HILIC15-Neg_MSMLS-List	0.5699124	1000	187.1082	0	0	0	0	0	0	0	0	1000	1589.971	4611527	4062569	3827873
	98	7	0	193.0724	7.769972	0		METHYL BETA-D-GALACTOSIDE	METHYL BETA-D-GALACTOSIDE	T	2017_05_10RG_HILIC15-Neg_MSMLS-List	-4.989972	1000	193.0724	0	0	0	0	0	0	0	0	1000	0	27598.02	33888.06	26466.89
	99	41	0	161.045	7.908542	0		3-HYDROXY-3-METHYLGLUTARATE	3-HYDROXY-3-METHYLGLUTARATE	B-1min	2017_05_10RG_HILIC15-Neg_MSMLS-List	-4.018541	1000	161.045	0	0	0	0	0	0	0	0	1000	14375.46	169872.4	172918.1	116565.3
	100	27	0	187.1082	7.911146	0		NALPHA-ACETYL-L-LYSINE	NALPHA-ACETYL-L-LYSINE	T	2017_05_10RG_HILIC15-Neg_MSMLS-List	0.3388543	1000	187.1082	0	0	0	0	0	0	0	0	1000	1630.321	2344811	2235218	2554096
	99	4	0	341.1079	7.976406	0		D-LACTOSE	D-LACTOSE	T	2017_05_10RG_HILIC15-Neg_MSMLS-List	0.07359457	1000	341.1079	0	0	0	0	0	0	0	0	1000	0	107026	104628.4	96930.54
	99	4	0	341.1079	7.976406	0		SUCROSE	SUCROSE	T	2017_05_10RG_HILIC15-Neg_MSMLS-List	-0.4764056	1000	341.1079	0	0	0	0	0	0	0	0	1000	0	107026	104628.4	96930.54
	99	4	0	341.1079	7.976406	0		MALTOSE	MALTOSE	T	2017_05_10RG_HILIC15-Neg_MSMLS-List	0.01359415	1000	341.1079	0	0	0	0	0	0	0	0	1000	0	107026	104628.4	96930.54
	99	4	0	341.1079	7.976406	0		D-[+]-TREHALOSE	D-[+]-TREHALOSE	T	2017_05_10RG_HILIC15-Neg_MSMLS-List	0.1535945	1000	341.1079	0	0	0	0	0	0	0	0	1000	0	107026	104628.4	96930.54
	99	4	0	341.1079	7.976406	0		D-[+]-CELLOBIOSE	D-[+]-CELLOBIOSE	T	2017_05_10RG_HILIC15-Neg_MSMLS-List	-0.3664055	1000	341.1079	0	0	0	0	0	0	0	0	1000	0	107026	104628.4	96930.54
	99	4	0	341.1079	7.976406	0		MELIBIOSE	MELIBIOSE	T	2017_05_10RG_HILIC15-Neg_MSMLS-List	0.2235942	1000	341.1079	0	0	0	0	0	0	0	0	1000	0	107026	104628.4	96930.54
	99	4	0	341.1079	7.976406	0		D-[+]-CELLOBIOSE	D-[+]-CELLOBIOSE	T	2017_05_10RG_HILIC15-Neg_MSMLS-List	0.01359415	1000	341.1079	0	0	0	0	0	0	0	0	1000	0	107026	104628.4	96930.54
	99	4	0	341.1079	7.976406	0		SUCROSE	SUCROSE	T	2017_05_10RG_HILIC15-Neg_MSMLS-List	-0.1464057	1000	341.1079	0	0	0	0	0	0	0	0	1000	0	107026	104628.4	96930.54
	99	4	0	341.1079	7.976406	0		PALATINOSE	PALATINOSE	T	2017_05_10RG_HILIC15-Neg_MSMLS-List	-0.1864057	1000	341.1079	0	0	0	0	0	0	0	0	1000	0	107026	104628.4	96930.54
	99	4	0	341.1079	7.976406	0		D-LACTOSE	D-LACTOSE	T	2017_05_10RG_HILIC15-Neg_MSMLS-List	-0.1164055	1000	341.1079	0	0	0	0	0	0	0	0	1000	0	107026	104628.4	96930.54
	101	8	0	193.0724	8.058978	0		METHYL BETA-D-GALACTOSIDE	METHYL BETA-D-GALACTOSIDE	T	2017_05_10RG_HILIC15-Neg_MSMLS-List	-5.278978	1000	193.0724	0	0	0	0	0	0	0	0	1000	0	59721.72	48945.2	49177.04
	102	14	0	118.0506	8.061684	0		L-ALLOTHREONINE	L-ALLOTHREONINE	T	2017_05_10RG_HILIC15-Neg_MSMLS-List	-0.02168369	1000	118.0506	0	0	0	0	0	0	0	0	1000	5516.83	6197488	5043304	4708508
	102	14	0	118.0506	8.061684	0		L-THREONINE	L-THREONINE	T	2017_05_10RG_HILIC15-Neg_MSMLS-List	-0.05168343	1000	118.0506	0	0	0	0	0	0	0	0	1000	5516.83	6197488	5043304	4708508
	102	14	0	118.0506	8.061684	0		HOMOSERINE	HOMOSERINE	T	2017_05_10RG_HILIC15-Neg_MSMLS-List	0.03831673	1000	118.0506	0	0	0	0	0	0	0	0	1000	5516.83	6197488	5043304	4708508
	101	38	0	88.04011	8.080287	0		SARCOSINE	SARCOSINE	T	2017_05_10RG_HILIC15-Neg_MSMLS-List	-0.02028656	1000	88.04011	0	0	0	0	0	0	0	0	1000	2127.49	158532.8	142293.3	130574.7
	101	38	0	88.04011	8.080287	0		D-ALANINE	D-ALANINE	T	2017_05_10RG_HILIC15-Neg_MSMLS-List	-0.07028675	1000	88.04011	0	0	0	0	0	0	0	0	1000	2127.49	158532.8	142293.3	130574.7
	101	38	0	88.04011	8.080287	0		L-ALANINE	L-ALANINE	T	2017_05_10RG_HILIC15-Neg_MSMLS-List	-0.07028675	1000	88.04011	0	0	0	0	0	0	0	0	1000	2127.49	158532.8	142293.3	130574.7
	101	38	0	88.04011	8.080287	0		SARCOSINE	SARCOSINE	T	2017_05_10RG_HILIC15-Neg_MSMLS-List	-3.800287	1000	88.04011	0	0	0	0	0	0	0	0	1000	2127.49	158532.8	142293.3	130574.7
	101	38	0	88.04011	8.080287	0		SARCOSINE	SARCOSINE	T	2017_05_10RG_HILIC15-Neg_MSMLS-List	0.4297132	1000	88.04011	0	0	0	0	0	0	0	0	1000	2127.49	158532.8	142293.3	130574.7
	103	7	0	283.0693	8.100144	0		XANTHOSINE	XANTHOSINE	T	2017_05_10RG_HILIC15-Neg_MSMLS-List	-2.810144	1000	283.0693	0	0	0	0	0	0	0	0	1000	0	107989.4	88568.96	91869.68
	104	3	0	130.0616	8.124444	0		CREATINE	CREATINE	T	2017_05_10RG_HILIC15-Neg_MSMLS-List	-0.06444359	1000	130.0616	0	0	0	0	0	0	0	0	1000	0	3720.294	2655.405	11183.85
	105	5	0	321.0484	8.138377	0		THYMIDINE 5-MONOPHOSPHATE	THYMIDINE 5-MONOPHOSPHATE	0	2017_05_10RG_HILIC15-Neg_MSMLS-List	0.06162262	1000	321.0484	0	0	0	0	0	0	0	0	1000	0	11736.03	10166.38	8128.592
	106	6	0	145.0614	8.155556	0		L-GLUTAMINE	L-GLUTAMINE	T	2017_05_10RG_HILIC15-Neg_MSMLS-List	0.03444386	1000	145.0614	0	0	0	0	0	0	0	0	1000	0	866.4026	2258.916	100532.7
	107	3	0	104.035	8.215067	0		L-SERINE	L-SERINE	T	2017_05_10RG_HILIC15-Neg_MSMLS-List	-0.02506733	1000	104.035	0	0	0	0	0	0	0	0	1000	12412.43	6581018	5747200	5919668
	106	3	0	131.0457	8.221456	0		3-UREIDOPROPIONATE	3-UREIDOPROPIONATE	T	2017_05_10RG_HILIC15-Neg_MSMLS-List	-3.951456	1000	131.0457	0	0	0	0	0	0	0	0	1000	0	53639.95	45171.84	105857.4
	106	3	0	131.0457	8.221456	0		L-ASPARAGINE	L-ASPARAGINE	T	2017_05_10RG_HILIC15-Neg_MSMLS-List	-0.03145599	1000	131.0457	0	0	0	0	0	0	0	0	1000	0	53639.95	45171.84	105857.4
	108	4	0	330.0619	8.224889	0		DAMP	DAMP	T	2017_05_10RG_HILIC15-Neg_MSMLS-List	0.2151108	1000	330.0619	0	0	0	0	0	0	0	0	1000	0	10750.61	6659.019	7170.652
	109	2	0	178.0723	8.307934	0		D-[+]-GLUCOSAMINE	D-[+]-GLUCOSAMINE	0	2017_05_10RG_HILIC15-Neg_MSMLS-List	0.04206657	1000	178.0723	0	0	0	0	0	0	0	0	1000	0	3141.039	1688.087	0
	109	2	0	178.0723	8.307934	0		D-MANNOSAMINE	D-MANNOSAMINE	T	2017_05_10RG_HILIC15-Neg_MSMLS-List	-0.03793335	1000	178.0723	0	0	0	0	0	0	0	0	1000	0	3141.039	1688.087	0
	109	2	0	178.0723	8.307934	0		D-[+]-GALACTOSAMINE	D-[+]-GALACTOSAMINE	T	2017_05_10RG_HILIC15-Neg_MSMLS-List	-0.147934	1000	178.0723	0	0	0	0	0	0	0	0	1000	0	3141.039	1688.087	0
	110	14	0	189.088	8.318279	0		LL-2-6-DIAMINOHEPTANEDIOATE	LL-2-6-DIAMINOHEPTANEDIOATE	T	2017_05_10RG_HILIC15-Neg_MSMLS-List	0.3717203	1000	189.088	0	0	0	0	0	0	0	0	1000	1184.517	179448.3	162620	122573
	110	31	0	146.0454	8.320891	0		L-GLUTAMIC ACID	L-GLUTAMIC ACID	T	2017_05_10RG_HILIC15-Neg_MSMLS-List	-0.0008916855	1000	146.0454	0	0	0	0	0	0	0	0	1000	85529.52	2.638973e+07	2.419422e+07	2.478706e+07
	110	31	0	146.0454	8.320891	0		N-METHYL-D-ASPARTIC ACID	N-METHYL-D-ASPARTIC ACID	T	2017_05_10RG_HILIC15-Neg_MSMLS-List	0.1091089	1000	146.0454	0	0	0	0	0	0	0	0	1000	85529.52	2.638973e+07	2.419422e+07	2.478706e+07
	110	31	0	146.0454	8.320891	0		N-ACETYL-DL-SERINE	N-ACETYL-DL-SERINE	T	2017_05_10RG_HILIC15-Neg_MSMLS-List	-3.320891	1000	146.0454	0	0	0	0	0	0	0	0	1000	85529.52	2.638973e+07	2.419422e+07	2.478706e+07
	110	31	0	146.0454	8.320891	0		O-ACETYL-L-SERINE	O-ACETYL-L-SERINE	T	2017_05_10RG_HILIC15-Neg_MSMLS-List	-3.300891	1000	146.0454	0	0	0	0	0	0	0	0	1000	85529.52	2.638973e+07	2.419422e+07	2.478706e+07
	110	6	0	102.0557	8.3261	0		gamma-aminobutyrate	gamma-aminobutyrate	potential_ID	2017_05_10RG_HILIC15-Neg_MSMLS-List	-0.6061006	1000	102.0557	0	0	0	0	0	0	0	0	1000	1502.338	1187606	1109998	1158634
	110	6	0	102.0557	8.3261	0		2-AMINO-2-METHYLPROPANOATE	2-AMINO-2-METHYLPROPANOATE	T	2017_05_10RG_HILIC15-Neg_MSMLS-List	-0.6261005	1000	102.0557	0	0	0	0	0	0	0	0	1000	1502.338	1187606	1109998	1158634
	110	6	0	102.0557	8.3261	0		2-AMINO-2-METHYLPROPANOATE	2-AMINO-2-METHYLPROPANOATE	T	2017_05_10RG_HILIC15-Neg_MSMLS-List	-3.1961	1000	102.0557	0	0	0	0	0	0	0	0	1000	1502.338	1187606	1109998	1158634
	110	2	0	184.0011	8.327461	0		O-PHOSPHO-L-SERINE	O-PHOSPHO-L-SERINE	B-1min	2017_05_10RG_HILIC15-Neg_MSMLS-List	0.6325388	1000	184.0011	0	0	0	0	0	0	0	0	1000	0	368146.5	324577.5	284487.9
	110	2	0	184.0011	8.327461	0		O-PHOSPHO-L-SERINE	O-PHOSPHO-L-SERINE	B-1min	2017_05_10RG_HILIC15-Neg_MSMLS-List	-0.2774611	1000	184.0011	0	0	0	0	0	0	0	0	1000	0	368146.5	324577.5	284487.9
	110	2	0	184.0011	8.327461	0		O-PHOSPHO-DL-SERINE	O-PHOSPHO-DL-SERINE	T	2017_05_10RG_HILIC15-Neg_MSMLS-List	0.642539	1000	184.0011	0	0	0	0	0	0	0	0	1000	0	368146.5	324577.5	284487.9
	110	7	0	145.0614	8.327461	0		L-GLUTAMINE	L-GLUTAMINE	T	2017_05_10RG_HILIC15-Neg_MSMLS-List	-0.1374617	1000	145.0614	0	0	0	0	0	0	0	0	1000	0	153079	139513	131985
	111	9	0	219.0979	8.34435	0		2-ACETAMIDO-2-DEOXY-BETA-D-GLUCOSYLAMINE	2-ACETAMIDO-2-DEOXY-BETA-D-GLUCOSYLAMINE	T	2017_05_10RG_HILIC15-Neg_MSMLS-List	-0.3143501	1000	219.0979	0	0	0	0	0	0	0	0	1000	0	153459.4	142530.7	146309.8
	112	1	0	131.0821	8.382195	0		L-ORNITHINE	L-ORNITHINE	T	2017_05_10RG_HILIC15-Neg_MSMLS-List	0.2578058	1000	131.0821	0	0	0	0	0	0	0	0	1000	0	1670.325	1397.727	51171
	112	1	0	131.0821	8.382195	0		D-ORNITHINE	D-ORNITHINE	T	2017_05_10RG_HILIC15-Neg_MSMLS-List	0.2478056	1000	131.0821	0	0	0	0	0	0	0	0	1000	0	1670.325	1397.727	51171
	112	3	0	174.0878	8.389117	0		CITRULLINE	CITRULLINE	T	2017_05_10RG_HILIC15-Neg_MSMLS-List	-0.03911686	1000	174.0878	0	0	0	0	0	0	0	0	1000	0	5130.61	5281.648	118443.9
	113	5	0	330.0619	8.441367	0		DAMP	DAMP	T	2017_05_10RG_HILIC15-Neg_MSMLS-List	-0.001367569	1000	330.0619	0	0	0	0	0	0	0	0	1000	0	14562.72	11677.18	11115.17
	114	40	0	88.04009	8.518387	0		SARCOSINE	SARCOSINE	T	2017_05_10RG_HILIC15-Neg_MSMLS-List	-4.238387	1000	88.04009	0	0	0	0	0	0	0	0	1000	10537.26	325773.4	274936.7	293773.6
	114	40	0	88.04009	8.518387	0		SARCOSINE	SARCOSINE	T	2017_05_10RG_HILIC15-Neg_MSMLS-List	-0.008386612	1000	88.04009	0	0	0	0	0	0	0	0	1000	10537.26	325773.4	274936.7	293773.6
	114	40	0	88.04009	8.518387	0		SARCOSINE	SARCOSINE	T	2017_05_10RG_HILIC15-Neg_MSMLS-List	-0.4583864	1000	88.04009	0	0	0	0	0	0	0	0	1000	10537.26	325773.4	274936.7	293773.6
	114	40	0	88.04009	8.518387	0		L-ALANINE	L-ALANINE	T	2017_05_10RG_HILIC15-Neg_MSMLS-List	-0.5083866	1000	88.04009	0	0	0	0	0	0	0	0	1000	10537.26	325773.4	274936.7	293773.6
	114	40	0	88.04009	8.518387	0		D-ALANINE	D-ALANINE	T	2017_05_10RG_HILIC15-Neg_MSMLS-List	-0.5083866	1000	88.04009	0	0	0	0	0	0	0	0	1000	10537.26	325773.4	274936.7	293773.6
	114	17	0	132.0298	8.521021	0		L-ASPARTATE	L-ASPARTATE	T	2017_05_10RG_HILIC15-Neg_MSMLS-List	-0.001020432	1000	132.0298	0	0	0	0	0	0	0	0	1000	162088.8	4581628	3676993	4200766
	114	17	0	132.0298	8.521021	0		D-ASPARTATE	D-ASPARTATE	T	2017_05_10RG_HILIC15-Neg_MSMLS-List	-0.01102066	1000	132.0298	0	0	0	0	0	0	0	0	1000	162088.8	4581628	3676993	4200766
	115	2	0	346.0547	8.554467	0		2-DEOXYGUANOSINE 5-MONOPHOSPHATE	2-DEOXYGUANOSINE 5-MONOPHOSPHATE	T	2017_05_10RG_HILIC15-Neg_MSMLS-List	-0.07446766	1000	346.0547	0	0	0	0	0	0	0	0	1000	0	0	0	5282.633
	115	2	0	346.0547	8.554467	0		2-DEOXYGUANOSINE 5-MONOPHOSPHATE	2-DEOXYGUANOSINE 5-MONOPHOSPHATE	T	2017_05_10RG_HILIC15-Neg_MSMLS-List	0.1955328	1000	346.0547	0	0	0	0	0	0	0	0	1000	0	0	0	5282.633
	116	0	0	221.0594	8.558766	0		L-CYSTATHIONINE	L-CYSTATHIONINE	T	2017_05_10RG_HILIC15-Neg_MSMLS-List	0.1012335	1000	221.0594	0	0	0	0	0	0	0	0	1000	0	1643.343	571.163	2991.782
	114	27	0	114.0193	8.570921	0		MALEAMATE	MALEAMATE	T	2017_05_10RG_HILIC15-Neg_MSMLS-List	-7.587921	1000	114.0193	0	0	0	0	0	0	0	0	1000	518.9903	20899.37	16901.26	21182.02
	117	3	0	154.0617	8.578113	0		L-HISTIDINE	L-HISTIDINE	0	2017_05_10RG_HILIC15-Neg_MSMLS-List	-0.02811241	1000	154.0617	0	0	0	0	0	0	0	0	1000	14082.3	4157808	4134023	4345800
	118	1	0	171.0059	8.586289	0		SN-GLYCEROL 3-PHOSPHATE	SN-GLYCEROL 3-PHOSPHATE	T	2017_05_10RG_HILIC15-Neg_MSMLS-List	-0.05628967	1000	171.0059	0	0	0	0	0	0	0	0	1000	0	12054.05	7742.85	12280.99
	118	1	0	171.0059	8.586289	0		GLYCEROL 2-PHOSPHATE	GLYCEROL 2-PHOSPHATE	T	2017_05_10RG_HILIC15-Neg_MSMLS-List	-0.1662893	1000	171.0059	0	0	0	0	0	0	0	0	1000	0	12054.05	7742.85	12280.99
	119	2	0	131.0821	8.596066	0		D-ORNITHINE	D-ORNITHINE	T	2017_05_10RG_HILIC15-Neg_MSMLS-List	0.03393364	1000	131.0821	0	0	0	0	0	0	0	0	1000	1171.621	478073.5	452284.2	395174.7
	119	2	0	131.0821	8.596066	0		L-ORNITHINE	L-ORNITHINE	T	2017_05_10RG_HILIC15-Neg_MSMLS-List	0.04393387	1000	131.0821	0	0	0	0	0	0	0	0	1000	1171.621	478073.5	452284.2	395174.7
	119	0	0	173.1038	8.596066	0		L-ARGININE	L-ARGININE	T	2017_05_10RG_HILIC15-Neg_MSMLS-List	-0.006066322	1000	173.1038	0	0	0	0	0	0	0	0	1000	20259.53	5951410	5217474	4790320
	117	42	0	137.0352	8.596471	0		UROCANATE	UROCANATE	T	2017_05_10RG_HILIC15-Neg_MSMLS-List	-4.256471	1000	137.0352	0	0	0	0	0	0	0	0	1000	1273.658	15553.24	14701.39	13295.48
	120	2	0	145.0977	8.63395	0		L-LYSINE	L-LYSINE	0	2017_05_10RG_HILIC15-Neg_MSMLS-List	-0.003950119	1000	145.0977	0	0	0	0	0	0	0	0	1000	0	2097052	1964441	1825059
	121	15	0	225.0986	8.640733	0		CARNOSINE	CARNOSINE	T	2017_05_10RG_HILIC15-Neg_MSMLS-List	-0.02073288	1000	225.0986	0	0	0	0	0	0	0	0	1000	0	111023.1	93758.01	182654.1
	122	1	0	161.0926	8.650911	0		DL-5-HYDROXYLYSINE	DL-5-HYDROXYLYSINE	T	2017_05_10RG_HILIC15-Neg_MSMLS-List	0.02908897	1000	161.0926	0	0	0	0	0	0	0	0	1000	0	3506.958	3232.743	2255.092
	123	5	0	259.0215	8.699204	0		D-FRUCTOSE 6-PHOSPHATE	D-FRUCTOSE 6-PHOSPHATE	T	2017_05_10RG_HILIC15-Neg_MSMLS-List	-0.04920483	1000	259.0215	0	0	0	0	0	0	0	0	1000	0	1772.652	503.5897	8793.085
	123	5	0	259.0215	8.699204	0		ALPHA-D-GALACTOSE 1-PHOSPHATE	ALPHA-D-GALACTOSE 1-PHOSPHATE	T	2017_05_10RG_HILIC15-Neg_MSMLS-List	-0.0392046	1000	259.0215	0	0	0	0	0	0	0	0	1000	0	1772.652	503.5897	8793.085
	123	5	0	259.0215	8.699204	0		D-GLUCOSE 6-PHOSPHATE	D-GLUCOSE 6-PHOSPHATE	T	2017_05_10RG_HILIC15-Neg_MSMLS-List	0.1007957	1000	259.0215	0	0	0	0	0	0	0	0	1000	0	1772.652	503.5897	8793.085
	123	5	0	259.0215	8.699204	0		D-GLUCOSE-6-PHOSPHATE	D-GLUCOSE-6-PHOSPHATE	T	2017_05_10RG_HILIC15-Neg_MSMLS-List	0.110796	1000	259.0215	0	0	0	0	0	0	0	0	1000	0	1772.652	503.5897	8793.085
	123	5	0	259.0215	8.699204	0		ALPHA-D-GLUCOSE 1-PHOSPHATE	ALPHA-D-GLUCOSE 1-PHOSPHATE	T	2017_05_10RG_HILIC15-Neg_MSMLS-List	-0.04920483	1000	259.0215	0	0	0	0	0	0	0	0	1000	0	1772.652	503.5897	8793.085
	123	5	0	259.0215	8.699204	0		D-MANNOSE 6-PHOSPHATE	D-MANNOSE 6-PHOSPHATE	T	2017_05_10RG_HILIC15-Neg_MSMLS-List	0.01079559	1000	259.0215	0	0	0	0	0	0	0	0	1000	0	1772.652	503.5897	8793.085
	123	6	0	259.0215	8.808173	0		ALPHA-D-GLUCOSE 1-PHOSPHATE	ALPHA-D-GLUCOSE 1-PHOSPHATE	T	2017_05_10RG_HILIC15-Neg_MSMLS-List	-0.1581736	1000	259.0215	0	0	0	0	0	0	0	0	1000	0	771.6592	516.9913	11329.53
	123	6	0	259.0215	8.808173	0		D-GLUCOSE-6-PHOSPHATE	D-GLUCOSE-6-PHOSPHATE	T	2017_05_10RG_HILIC15-Neg_MSMLS-List	0.00182724	1000	259.0215	0	0	0	0	0	0	0	0	1000	0	771.6592	516.9913	11329.53
	123	6	0	259.0215	8.808173	0		D-MANNOSE 6-PHOSPHATE	D-MANNOSE 6-PHOSPHATE	T	2017_05_10RG_HILIC15-Neg_MSMLS-List	-0.09817314	1000	259.0215	0	0	0	0	0	0	0	0	1000	0	771.6592	516.9913	11329.53
	123	6	0	259.0215	8.808173	0		ALPHA-D-GALACTOSE 1-PHOSPHATE	ALPHA-D-GALACTOSE 1-PHOSPHATE	T	2017_05_10RG_HILIC15-Neg_MSMLS-List	-0.1481733	1000	259.0215	0	0	0	0	0	0	0	0	1000	0	771.6592	516.9913	11329.53
	123	6	0	259.0215	8.808173	0		D-GLUCOSE 6-PHOSPHATE	D-GLUCOSE 6-PHOSPHATE	T	2017_05_10RG_HILIC15-Neg_MSMLS-List	-0.008172989	1000	259.0215	0	0	0	0	0	0	0	0	1000	0	771.6592	516.9913	11329.53
	123	6	0	259.0215	8.808173	0		D-FRUCTOSE 6-PHOSPHATE	D-FRUCTOSE 6-PHOSPHATE	T	2017_05_10RG_HILIC15-Neg_MSMLS-List	-0.1581736	1000	259.0215	0	0	0	0	0	0	0	0	1000	0	771.6592	516.9913	11329.53
