label	metaGroupId	groupId	goodPeakCount	medMz	medRt	maxQuality	note	compound	compoundId	category	database	expectedRtDiff	ppmDiff	parent	ms2EventCount	fragNumIonsMatched	fragFracMatched	ticMatched	dotProduct	weigtedDotProduct	hyperGeomScore	spearmanRankCorrelation	mzFragError	170610_2017_06_09TR_HILICNeg15_MH_ECO2_T0.mzXML	170610_2017_06_09TR_HILICNeg15_MH_ECO2_T4.mzXML	
	1	1	1	210.0766	0.5694534	0.7618731		3-METHOXY-L-TYROSINE	3-METHOXY-L-TYROSINE	T	2017_05_10RG_HILIC15-Neg_MSMLS-List	6.720547	1000	210.0766	0	0	0	0	0	0	0	0	1000	12476.41	18568.5
	2	3	1	121.0291	0.6792892	0.7310779		4-HYDROXYBENZALDEHYDE	4-HYDROXYBENZALDEHYDE	T	2017_05_10RG_HILIC15-Neg_MSMLS-List	-0.005289137	1000	121.0291	0	0	0	0	0	0	0	0	1000	2755836	2421417
	2	3	1	121.0291	0.6792892	0.7310779		3-HYDROXYBENZALDEHYDE	3-HYDROXYBENZALDEHYDE	T	2017_05_10RG_HILIC15-Neg_MSMLS-List	0.006710827	1000	121.0291	0	0	0	0	0	0	0	0	1000	2755836	2421417
	3	5	2	151.0396	0.7053883	0.590521		4-HYDROXYPHENYLACETATE	4-HYDROXYPHENYLACETATE	B-1min	2017_05_10RG_HILIC15-Neg_MSMLS-List	0.6746117	1000	151.0396	0	0	0	0	0	0	0	0	1000	79831.1	106200.7
	3	5	2	151.0396	0.7053883	0.590521		2-HYDROXYPHENYLACETIC ACID	2-HYDROXYPHENYLACETIC ACID	T	2017_05_10RG_HILIC15-Neg_MSMLS-List	1.594612	1000	151.0396	0	0	0	0	0	0	0	0	1000	79831.1	106200.7
	3	5	2	151.0396	0.7053883	0.590521		2-4-DIHYDROXYACETOPHENONE	2-4-DIHYDROXYACETOPHENONE	T	2017_05_10RG_HILIC15-Neg_MSMLS-List	-0.03638828	1000	151.0396	0	0	0	0	0	0	0	0	1000	79831.1	106200.7
	3	5	2	151.0396	0.7053883	0.590521		3-HYDROXYPHENYLACETATE	3-HYDROXYPHENYLACETATE	B-1min	2017_05_10RG_HILIC15-Neg_MSMLS-List	0.1066117	1000	151.0396	0	0	0	0	0	0	0	0	1000	79831.1	106200.7
	3	5	2	151.0396	0.7053883	0.590521		3-HYDROXYPHENYLACETATE	3-HYDROXYPHENYLACETATE	B-1min	2017_05_10RG_HILIC15-Neg_MSMLS-List	0.8346117	1000	151.0396	0	0	0	0	0	0	0	0	1000	79831.1	106200.7
	3	5	2	151.0396	0.7053883	0.590521		MANDELIC ACID	MANDELIC ACID	B-4min	2017_05_10RG_HILIC15-Neg_MSMLS-List	3.654612	1000	151.0396	0	0	0	0	0	0	0	0	1000	79831.1	106200.7
	3	5	2	151.0396	0.7053883	0.590521		RESORCINOL MONOACETATE	RESORCINOL MONOACETATE	T	2017_05_10RG_HILIC15-Neg_MSMLS-List	-0.03538829	1000	151.0396	0	0	0	0	0	0	0	0	1000	79831.1	106200.7
	4	3	2	151.0257	0.7841375	0.7471827		XANTHINE	XANTHINE	B-1min	2017_05_10RG_HILIC15-Neg_MSMLS-List	0.1128625	1000	151.0257	0	0	0	0	0	0	0	0	1000	278616.4	295610.8
	4	3	2	151.0257	0.7841375	0.7471827		XANTHINE	XANTHINE	B-1min	2017_05_10RG_HILIC15-Neg_MSMLS-List	3.135863	1000	151.0257	0	0	0	0	0	0	0	0	1000	278616.4	295610.8
	4	3	2	151.0257	0.7841375	0.7471827		XANTHINE	XANTHINE	B-1min	2017_05_10RG_HILIC15-Neg_MSMLS-List	0.3358625	1000	151.0257	0	0	0	0	0	0	0	0	1000	278616.4	295610.8
	5	6	1	151.0396	0.894625	0.7588643		2-HYDROXYPHENYLACETIC ACID	2-HYDROXYPHENYLACETIC ACID	T	2017_05_10RG_HILIC15-Neg_MSMLS-List	1.405375	1000	151.0396	0	0	0	0	0	0	0	0	1000	24479.31	29863.52
	5	6	1	151.0396	0.894625	0.7588643		3-HYDROXYPHENYLACETATE	3-HYDROXYPHENYLACETATE	B-1min	2017_05_10RG_HILIC15-Neg_MSMLS-List	-0.08262503	1000	151.0396	0	0	0	0	0	0	0	0	1000	24479.31	29863.52
	5	6	1	151.0396	0.894625	0.7588643		3-HYDROXYPHENYLACETATE	3-HYDROXYPHENYLACETATE	B-1min	2017_05_10RG_HILIC15-Neg_MSMLS-List	0.645375	1000	151.0396	0	0	0	0	0	0	0	0	1000	24479.31	29863.52
	5	6	1	151.0396	0.894625	0.7588643		RESORCINOL MONOACETATE	RESORCINOL MONOACETATE	T	2017_05_10RG_HILIC15-Neg_MSMLS-List	-0.224625	1000	151.0396	0	0	0	0	0	0	0	0	1000	24479.31	29863.52
	5	6	1	151.0396	0.894625	0.7588643		2-4-DIHYDROXYACETOPHENONE	2-4-DIHYDROXYACETOPHENONE	T	2017_05_10RG_HILIC15-Neg_MSMLS-List	-0.225625	1000	151.0396	0	0	0	0	0	0	0	0	1000	24479.31	29863.52
	5	6	1	151.0396	0.894625	0.7588643		4-HYDROXYPHENYLACETATE	4-HYDROXYPHENYLACETATE	B-1min	2017_05_10RG_HILIC15-Neg_MSMLS-List	0.485375	1000	151.0396	0	0	0	0	0	0	0	0	1000	24479.31	29863.52
	5	6	1	151.0396	0.894625	0.7588643		MANDELIC ACID	MANDELIC ACID	B-4min	2017_05_10RG_HILIC15-Neg_MSMLS-List	3.465375	1000	151.0396	0	0	0	0	0	0	0	0	1000	24479.31	29863.52
	6	5	2	173.0814	0.9104183	0.7918864		SUBERIC ACID	SUBERIC ACID	T	2017_05_10RG_HILIC15-Neg_MSMLS-List	0.05058169	1000	173.0814	0	0	0	0	0	0	0	0	1000	10703.62	17454.08
	7	4	1	145.0501	0.9210483	0.7564079		3-METHYGLUTARIC ACID	3-METHYGLUTARIC ACID	T	2017_05_10RG_HILIC15-Neg_MSMLS-List	0.5089517	1000	145.0501	0	0	0	0	0	0	0	0	1000	24531.69	119616.1
	8	5	1	122.0243	0.9210483	0.7732934		NICOTINATE	NICOTINATE	B-1.5min	2017_05_10RG_HILIC15-Neg_MSMLS-List	1.698952	1000	122.0243	0	0	0	0	0	0	0	0	1000	154450	33543.27
	7	4	1	145.0501	0.9210483	0.7564079		2-METHYLGLUTARIC ACID	2-METHYLGLUTARIC ACID	B-1min	2017_05_10RG_HILIC15-Neg_MSMLS-List	0.4089518	1000	145.0501	0	0	0	0	0	0	0	0	1000	24531.69	119616.1
	7	4	1	145.0501	0.9210483	0.7564079		ADIPIC ACID	ADIPIC ACID	T	2017_05_10RG_HILIC15-Neg_MSMLS-List	0.3889517	1000	145.0501	0	0	0	0	0	0	0	0	1000	24531.69	119616.1
	9	6	2	137.0239	1.065152	0.8178962		4-HYDROXYBENZOATE	4-HYDROXYBENZOATE	B-1min	2017_05_10RG_HILIC15-Neg_MSMLS-List	0.2848476	1000	137.0239	0	0	0	0	0	0	0	0	1000	37368.46	110051.3
	9	6	2	137.0239	1.065152	0.8178962		SALICYLATE	SALICYLATE	T	2017_05_10RG_HILIC15-Neg_MSMLS-List	2.394848	1000	137.0239	0	0	0	0	0	0	0	0	1000	37368.46	110051.3
	9	6	2	137.0239	1.065152	0.8178962		3-HYDROXYBENZOATE	3-HYDROXYBENZOATE	B-1min	2017_05_10RG_HILIC15-Neg_MSMLS-List	0.6248477	1000	137.0239	0	0	0	0	0	0	0	0	1000	37368.46	110051.3
	9	6	2	137.0239	1.065152	0.8178962		4-HYDROXYBENZOATE	4-HYDROXYBENZOATE	B-1min	2017_05_10RG_HILIC15-Neg_MSMLS-List	0.6348476	1000	137.0239	0	0	0	0	0	0	0	0	1000	37368.46	110051.3
	10	2	1	179.0556	1.163627	0.7753791		ALPHA-D-GLUCOSE	ALPHA-D-GLUCOSE	B-2min	2017_05_10RG_HILIC15-Neg_MSMLS-List	4.456373	1000	179.0556	0	0	0	0	0	0	0	0	1000	9951.656	14278.34
	10	2	1	179.0556	1.163627	0.7753791		MANNOSE	MANNOSE	T	2017_05_10RG_HILIC15-Neg_MSMLS-List	3.886374	1000	179.0556	0	0	0	0	0	0	0	0	1000	9951.656	14278.34
	10	2	1	179.0556	1.163627	0.7753791		D-GALACTOSE	D-GALACTOSE	B-2min	2017_05_10RG_HILIC15-Neg_MSMLS-List	4.516373	1000	179.0556	0	0	0	0	0	0	0	0	1000	9951.656	14278.34
	10	2	1	179.0556	1.163627	0.7753791		ALLOSE	ALLOSE	B1.5min	2017_05_10RG_HILIC15-Neg_MSMLS-List	2.646373	1000	179.0556	0	0	0	0	0	0	0	0	1000	9951.656	14278.34
	10	2	1	179.0556	1.163627	0.7753791		D-PSICOSE	D-PSICOSE	B-1min	2017_05_10RG_HILIC15-Neg_MSMLS-List	2.536373	1000	179.0556	0	0	0	0	0	0	0	0	1000	9951.656	14278.34
	10	2	1	179.0556	1.163627	0.7753791		ALLOSE	ALLOSE	B1.5min	2017_05_10RG_HILIC15-Neg_MSMLS-List	3.636374	1000	179.0556	0	0	0	0	0	0	0	0	1000	9951.656	14278.34
	10	2	1	179.0556	1.163627	0.7753791		MYO-INOSITOL	MYO-INOSITOL	T	2017_05_10RG_HILIC15-Neg_MSMLS-List	5.656374	1000	179.0556	0	0	0	0	0	0	0	0	1000	9951.656	14278.34
	10	2	1	179.0556	1.163627	0.7753791		D-GALACTOSE	D-GALACTOSE	B-2min	2017_05_10RG_HILIC15-Neg_MSMLS-List	6.566373	1000	179.0556	0	0	0	0	0	0	0	0	1000	9951.656	14278.34
	10	2	1	179.0556	1.163627	0.7753791		L-SORBOSE	L-SORBOSE	B-1min	2017_05_10RG_HILIC15-Neg_MSMLS-List	3.336373	1000	179.0556	0	0	0	0	0	0	0	0	1000	9951.656	14278.34
	10	2	1	179.0556	1.163627	0.7753791		D-TAGATOSE	D-TAGATOSE	B-1.5min	2017_05_10RG_HILIC15-Neg_MSMLS-List	3.156374	1000	179.0556	0	0	0	0	0	0	0	0	1000	9951.656	14278.34
	10	2	1	179.0556	1.163627	0.7753791		D-TAGATOSE	D-TAGATOSE	B-1.5min	2017_05_10RG_HILIC15-Neg_MSMLS-List	4.466373	1000	179.0556	0	0	0	0	0	0	0	0	1000	9951.656	14278.34
	10	2	1	179.0556	1.163627	0.7753791		D-FRUCTOSE	D-FRUCTOSE	T	2017_05_10RG_HILIC15-Neg_MSMLS-List	3.286373	1000	179.0556	0	0	0	0	0	0	0	0	1000	9951.656	14278.34
	10	2	1	179.0556	1.163627	0.7753791		D-GALACTOSE	D-GALACTOSE	B-2min	2017_05_10RG_HILIC15-Neg_MSMLS-List	3.726373	1000	179.0556	0	0	0	0	0	0	0	0	1000	9951.656	14278.34
	10	2	1	179.0556	1.163627	0.7753791		D-FRUCTOSE	D-FRUCTOSE	T	2017_05_10RG_HILIC15-Neg_MSMLS-List	4.016373	1000	179.0556	0	0	0	0	0	0	0	0	1000	9951.656	14278.34
	10	2	1	179.0556	1.163627	0.7753791		D-FRUCTOSE	D-FRUCTOSE	T	2017_05_10RG_HILIC15-Neg_MSMLS-List	4.456373	1000	179.0556	0	0	0	0	0	0	0	0	1000	9951.656	14278.34
	10	2	1	179.0556	1.163627	0.7753791		D-TAGATOSE	D-TAGATOSE	B-1.5min	2017_05_10RG_HILIC15-Neg_MSMLS-List	4.026373	1000	179.0556	0	0	0	0	0	0	0	0	1000	9951.656	14278.34
	11	2	2	173.0449	1.362856	0.8075897		SHIKIMATE	SHIKIMATE	T	2017_05_10RG_HILIC15-Neg_MSMLS-List	2.667144	1000	173.0449	0	0	0	0	0	0	0	0	1000	10752.02	12394.22
	12	0	2	147.0658	1.589476	0.712184		MEVALOLACTONE	MEVALOLACTONE	B-1min	2017_05_10RG_HILIC15-Neg_MSMLS-List	0.0705241	1000	147.0658	0	0	0	0	0	0	0	0	1000	12876.53	13513.59
	13	3	2	172.0974	1.670247	0.7398475		N-ACETYL-L-LEUCINE	N-ACETYL-L-LEUCINE	T	2017_05_10RG_HILIC15-Neg_MSMLS-List	-0.07024658	1000	172.0974	0	0	0	0	0	0	0	0	1000	49503.98	128491.5
	14	11	2	144.0661	1.7135	0.8189239		4-ACETAMIDOBUTANOATE	4-ACETAMIDOBUTANOATE	T	2017_05_10RG_HILIC15-Neg_MSMLS-List	0.06649995	1000	144.0661	0	0	0	0	0	0	0	0	1000	116682.6	114882.3
	15	8	2	119.0359	1.805633	0.8199589		PURINE	PURINE	B-1.5min	2017_05_10RG_HILIC15-Neg_MSMLS-List	1.214367	1000	119.0359	0	0	0	0	0	0	0	0	1000	303473	358414.9
	16	1	2	100.0401	1.980075	0.7527563		1-AMINOCYCLOPROPANE-1-CARBOXYLATE	1-AMINOCYCLOPROPANE-1-CARBOXYLATE	T	2017_05_10RG_HILIC15-Neg_MSMLS-List	6.079926	1000	100.0401	0	0	0	0	0	0	0	0	1000	10465.25	6126.459
	17	8	1	131.0345	1.996667	0.7663086		ETHYLMALONIC ACID	ETHYLMALONIC ACID	B-1.5min	2017_05_10RG_HILIC15-Neg_MSMLS-List	2.703333	1000	131.0345	0	0	0	0	0	0	0	0	1000	141663.8	227010
	17	8	1	131.0345	1.996667	0.7663086		GLUTARATE	GLUTARATE	T	2017_05_10RG_HILIC15-Neg_MSMLS-List	-0.3266667	1000	131.0345	0	0	0	0	0	0	0	0	1000	141663.8	227010
	18	7	1	178.0504	2.145442	0.7713045		HIPPURATE	HIPPURATE	T	2017_05_10RG_HILIC15-Neg_MSMLS-List	0.2345586	1000	178.0504	0	0	0	0	0	0	0	0	1000	164793.4	39402.79
	19	1	2	226.0845	2.3187	0.5863458		DEOXYCYTIDINE	DEOXYCYTIDINE	T	2017_05_10RG_HILIC15-Neg_MSMLS-List	3.4013	1000	226.0845	0	0	0	0	0	0	0	0	1000	12765.45	12424.37
	20	1	1	206.0816	2.546133	0.5680516		N-ACETYL-L-PHENYLALANINE	N-ACETYL-L-PHENYLALANINE	T	2017_05_10RG_HILIC15-Neg_MSMLS-List	-0.09613323	1000	206.0816	0	0	0	0	0	0	0	0	1000	7202.352	7742.156
	21	1	2	190.0538	2.67745	0.7086413		N-ACETYL-DL-METHIONINE	N-ACETYL-DL-METHIONINE	B-1min	2017_05_10RG_HILIC15-Neg_MSMLS-List	-0.1174502	1000	190.0538	0	0	0	0	0	0	0	0	1000	30217.84	168412.1
	22	17	1	138.0192	3.199783	0.7006645		6-HYDROXYNICOTINATE	6-HYDROXYNICOTINATE	T	2017_05_10RG_HILIC15-Neg_MSMLS-List	0.8202167	1000	138.0192	0	0	0	0	0	0	0	0	1000	59013.55	56484.96
	23	5	1	182.0452	3.249075	0.6700402		4-PYRIDOXATE	4-PYRIDOXATE	B-5min	2017_05_10RG_HILIC15-Neg_MSMLS-List	1.970925	1000	182.0452	0	0	0	0	0	0	0	0	1000	2880.634	3104.298
	23	5	1	182.0452	3.249075	0.6700402		4-PYRIDOXATE	4-PYRIDOXATE	B-5min	2017_05_10RG_HILIC15-Neg_MSMLS-List	5.550925	1000	182.0452	0	0	0	0	0	0	0	0	1000	2880.634	3104.298
	23	5	1	182.0452	3.249075	0.6700402		4-PYRIDOXATE	4-PYRIDOXATE	B-5min	2017_05_10RG_HILIC15-Neg_MSMLS-List	4.430925	1000	182.0452	0	0	0	0	0	0	0	0	1000	2880.634	3104.298
	24	11	1	114.0193	3.471075	0.7659		MALEAMATE	MALEAMATE	T	2017_05_10RG_HILIC15-Neg_MSMLS-List	-2.488075	1000	114.0193	0	0	0	0	0	0	0	0	1000	14215.31	13165.82
	25	22	1	121.0515	3.60305	0.7087541		ERYTHRITOL	ERYTHRITOL	T	2017_05_10RG_HILIC15-Neg_MSMLS-List	-0.2130499	1000	121.0515	0	0	0	0	0	0	0	0	1000	183565.7	190630.8
	26	4	1	427.0068	3.83975	0.8288889		INOSINE 5-DIPHOSPHATE	INOSINE 5-DIPHOSPHATE	B-2min	2017_05_10RG_HILIC15-Neg_MSMLS-List	7.36025	1000	427.0068	0	0	0	0	0	0	0	0	1000	4998.146	5094.315
	27	24	2	121.0515	4.105717	0.7882404		ERYTHRITOL	ERYTHRITOL	T	2017_05_10RG_HILIC15-Neg_MSMLS-List	-0.7157166	1000	121.0515	0	0	0	0	0	0	0	0	1000	242987.5	274437.1
	28	7	2	207.0768	4.135508	0.8008717		L-KYNURENINE	L-KYNURENINE	T	2017_05_10RG_HILIC15-Neg_MSMLS-List	2.624492	1000	207.0768	0	0	0	0	0	0	0	0	1000	47720.32	37141.25
	28	7	2	207.0768	4.135508	0.8008717		KYNURENINE	KYNURENINE	0	2017_05_10RG_HILIC15-Neg_MSMLS-List	2.624492	1000	207.0768	0	0	0	0	0	0	0	0	1000	47720.32	37141.25
	29	8	1	188.0559	4.249242	0.8196856		N-ACETYL-DL-GLUTAMIC ACID	N-ACETYL-DL-GLUTAMIC ACID	T	2017_05_10RG_HILIC15-Neg_MSMLS-List	0.8807583	1000	188.0559	0	0	0	0	0	0	0	0	1000	2843.391	139356.4
	30	10	2	115.0033	4.343451	0.8259315		FUMARATE	FUMARATE	T	2017_05_10RG_HILIC15-Neg_MSMLS-List	0.3065495	1000	115.0033	0	0	0	0	0	0	0	0	1000	382494.9	2809379
	30	10	2	115.0033	4.343451	0.8259315		MALEIC ACID	MALEIC ACID	T	2017_05_10RG_HILIC15-Neg_MSMLS-List	0.7565494	1000	115.0033	0	0	0	0	0	0	0	0	1000	382494.9	2809379
	30	23	1	71.01358	4.343451	0.8272732		PROPENOATE	PROPENOATE	T	2017_05_10RG_HILIC15-Neg_MSMLS-List	-3.764451	1000	71.01358	0	0	0	0	0	0	0	0	1000	19534.03	209358.4
	31	4	2	338.9911	4.417025	0.645463		FRUCTOSE 1-6-BIPHOSPHATE	FRUCTOSE 1-6-BIPHOSPHATE	B-1.5min	2017_05_10RG_HILIC15-Neg_MSMLS-List	5.472975	1000	338.9911	0	0	0	0	0	0	0	0	1000	13902.63	21998.64
	32	22	2	135.0308	4.461067	0.8353991		HYPOXANTHINE	HYPOXANTHINE	T	2017_05_10RG_HILIC15-Neg_MSMLS-List	-0.03106689	1000	135.0308	0	0	0	0	0	0	0	0	1000	2047652	423681.8
	32	3	2	171.0074	4.465967	0.8059613		GLYCEROL 2-PHOSPHATE	GLYCEROL 2-PHOSPHATE	T	2017_05_10RG_HILIC15-Neg_MSMLS-List	3.954033	1000	171.0074	0	0	0	0	0	0	0	0	1000	158884.1	28137.96
	32	3	2	171.0074	4.465967	0.8059613		SN-GLYCEROL 3-PHOSPHATE	SN-GLYCEROL 3-PHOSPHATE	T	2017_05_10RG_HILIC15-Neg_MSMLS-List	4.064033	1000	171.0074	0	0	0	0	0	0	0	0	1000	158884.1	28137.96
	33	6	2	160.061	4.480725	0.7627028		ALPHA-AMINOADIPATE	ALPHA-AMINOADIPATE	T	2017_05_10RG_HILIC15-Neg_MSMLS-List	3.699275	1000	160.061	0	0	0	0	0	0	0	0	1000	80835.84	132488.5
	33	6	2	160.061	4.480725	0.7627028		N-METHYL-L-GLUTAMATE	N-METHYL-L-GLUTAMATE	T	2017_05_10RG_HILIC15-Neg_MSMLS-List	3.719275	1000	160.061	0	0	0	0	0	0	0	0	1000	80835.84	132488.5
	34	8	2	173.0562	4.5884	0.720681		N-ALPHA-ACETYL-L-ASPARAGINE	N-ALPHA-ACETYL-L-ASPARAGINE	T	2017_05_10RG_HILIC15-Neg_MSMLS-List	1.0316	1000	173.0562	0	0	0	0	0	0	0	0	1000	44056.92	54798.26
	35	23	2	128.0349	4.63615	0.8109334		5-OXO-D-PROLINE	5-OXO-D-PROLINE	B-1min	2017_05_10RG_HILIC15-Neg_MSMLS-List	-0.1261501	1000	128.0349	0	0	0	0	0	0	0	0	1000	1.75889e+008	2.183774e+008
	35	23	2	128.0349	4.63615	0.8109334		5-OXO-L-PROLINE	5-OXO-L-PROLINE	B-1min	2017_05_10RG_HILIC15-Neg_MSMLS-List	-0.1161504	1000	128.0349	0	0	0	0	0	0	0	0	1000	1.75889e+008	2.183774e+008
	36	0	1	308.0977	4.657366	0.7512165		N-ACETYLNEURAMINATE	N-ACETYLNEURAMINATE	B-2min	2017_05_10RG_HILIC15-Neg_MSMLS-List	4.142634	1000	308.0977	0	0	0	0	0	0	0	0	1000	84608.43	0
	37	6	1	172.0417	4.664625	0.5519364		2-QUINOLINECARBOXYLIC ACID	2-QUINOLINECARBOXYLIC ACID	B-1.5min	2017_05_10RG_HILIC15-Neg_MSMLS-List	-3.709625	1000	172.0417	0	0	0	0	0	0	0	0	1000	160826.7	155846.1
	37	6	1	172.0417	4.664625	0.5519364		4-QUINOLINECARBOXYLIC ACID	4-QUINOLINECARBOXYLIC ACID	T	2017_05_10RG_HILIC15-Neg_MSMLS-List	-0.3746247	1000	172.0417	0	0	0	0	0	0	0	0	1000	160826.7	155846.1
	38	1	2	157.0361	4.697975	0.8443788		ALLANTOIN	ALLANTOIN	T	2017_05_10RG_HILIC15-Neg_MSMLS-List	0.2120247	1000	157.0361	0	0	0	0	0	0	0	0	1000	25304.37	31636.67
	39	32	1	134.0468	4.833	0.8256893		ADENINE	ADENINE	T	2017_05_10RG_HILIC15-Neg_MSMLS-List	-0.2530003	1000	134.0468	0	0	0	0	0	0	0	0	1000	1.206532e+007	18435.76
	39	32	1	134.0468	4.833	0.8256893		ADENINE	ADENINE	T	2017_05_10RG_HILIC15-Neg_MSMLS-List	-0.04300022	1000	134.0468	0	0	0	0	0	0	0	0	1000	1.206532e+007	18435.76
	39	32	1	134.0468	4.833	0.8256893		ADENINE	ADENINE	T	2017_05_10RG_HILIC15-Neg_MSMLS-List	-0.243	1000	134.0468	0	0	0	0	0	0	0	0	1000	1.206532e+007	18435.76
	40	11	1	115.0033	4.973725	0.7819666		MALEIC ACID	MALEIC ACID	T	2017_05_10RG_HILIC15-Neg_MSMLS-List	0.1262751	1000	115.0033	0	0	0	0	0	0	0	0	1000	325638	428061
	40	11	1	115.0033	4.973725	0.7819666		FUMARATE	FUMARATE	T	2017_05_10RG_HILIC15-Neg_MSMLS-List	-0.3237247	1000	115.0033	0	0	0	0	0	0	0	0	1000	325638	428061
	41	25	1	71.01361	4.978575	0.7898809		PROPENOATE	PROPENOATE	T	2017_05_10RG_HILIC15-Neg_MSMLS-List	-4.399575	1000	71.01361	0	0	0	0	0	0	0	0	1000	47610.18	28466.28
	42	12	1	188.0559	5.056458	0.7930312		N-ACETYL-DL-GLUTAMIC ACID	N-ACETYL-DL-GLUTAMIC ACID	T	2017_05_10RG_HILIC15-Neg_MSMLS-List	0.07354164	1000	188.0559	0	0	0	0	0	0	0	0	1000	46690.49	62357.48
	43	3	2	167.0205	5.06135	0.7686639		URATE	URATE	T	2017_05_10RG_HILIC15-Neg_MSMLS-List	0.7686501	1000	167.0205	0	0	0	0	0	0	0	0	1000	25015.71	26489.32
	44	7	2	223.0717	5.124492	0.8220962		3-HYDROXYKYNURENINE	3-HYDROXYKYNURENINE	T	2017_05_10RG_HILIC15-Neg_MSMLS-List	2.095508	1000	223.0717	0	0	0	0	0	0	0	0	1000	29037	24910.56
	45	13	1	174.0402	5.217092	0.5754907		N-ACETYL-L-ASPARTIC ACID	N-ACETYL-L-ASPARTIC ACID	T	2017_05_10RG_HILIC15-Neg_MSMLS-List	0.5329084	1000	174.0402	0	0	0	0	0	0	0	0	1000	79228.41	92277.24
	46	7	2	242.0775	5.319484	0.7594078		CYTIDINE	CYTIDINE	T	2017_05_10RG_HILIC15-Neg_MSMLS-List	0.7105165	1000	242.0775	0	0	0	0	0	0	0	0	1000	38123.25	39001.87
	47	27	1	101.024	5.37305	0.6099039		ACETOACETATE	ACETOACETATE	T	2017_05_10RG_HILIC15-Neg_MSMLS-List	-4.43205	1000	101.024	0	0	0	0	0	0	0	0	1000	40583.75	3102.941
	47	27	1	101.024	5.37305	0.6099039		SUCCINATE SEMIALDEHYDE	SUCCINATE SEMIALDEHYDE	T	2017_05_10RG_HILIC15-Neg_MSMLS-List	-4.68005	1000	101.024	0	0	0	0	0	0	0	0	1000	40583.75	3102.941
	47	27	1	101.024	5.37305	0.6099039		ACETOACETATE	ACETOACETATE	T	2017_05_10RG_HILIC15-Neg_MSMLS-List	-4.69305	1000	101.024	0	0	0	0	0	0	0	0	1000	40583.75	3102.941
	47	27	1	101.024	5.37305	0.6099039		SUCCINATE SEMIALDEHYDE	SUCCINATE SEMIALDEHYDE	T	2017_05_10RG_HILIC15-Neg_MSMLS-List	-4.45705	1000	101.024	0	0	0	0	0	0	0	0	1000	40583.75	3102.941
	48	15	1	179.0555	5.37635	0.7573662		D-GALACTOSE	D-GALACTOSE	B-2min	2017_05_10RG_HILIC15-Neg_MSMLS-List	2.35365	1000	179.0555	0	0	0	0	0	0	0	0	1000	381729.9	0
	48	15	1	179.0555	5.37635	0.7573662		D-TAGATOSE	D-TAGATOSE	B-1.5min	2017_05_10RG_HILIC15-Neg_MSMLS-List	0.2536502	1000	179.0555	0	0	0	0	0	0	0	0	1000	381729.9	0
	48	15	1	179.0555	5.37635	0.7573662		L-SORBOSE	L-SORBOSE	B-1min	2017_05_10RG_HILIC15-Neg_MSMLS-List	-0.8763499	1000	179.0555	0	0	0	0	0	0	0	0	1000	381729.9	0
	48	15	1	179.0555	5.37635	0.7573662		D-GALACTOSE	D-GALACTOSE	B-2min	2017_05_10RG_HILIC15-Neg_MSMLS-List	-0.4863501	1000	179.0555	0	0	0	0	0	0	0	0	1000	381729.9	0
	48	15	1	179.0555	5.37635	0.7573662		D-FRUCTOSE	D-FRUCTOSE	T	2017_05_10RG_HILIC15-Neg_MSMLS-List	-0.1963501	1000	179.0555	0	0	0	0	0	0	0	0	1000	381729.9	0
	48	15	1	179.0555	5.37635	0.7573662		D-GALACTOSE	D-GALACTOSE	B-2min	2017_05_10RG_HILIC15-Neg_MSMLS-List	0.3036499	1000	179.0555	0	0	0	0	0	0	0	0	1000	381729.9	0
	48	15	1	179.0555	5.37635	0.7573662		ALLOSE	ALLOSE	B1.5min	2017_05_10RG_HILIC15-Neg_MSMLS-List	-1.56635	1000	179.0555	0	0	0	0	0	0	0	0	1000	381729.9	0
	48	15	1	179.0555	5.37635	0.7573662		D-PSICOSE	D-PSICOSE	B-1min	2017_05_10RG_HILIC15-Neg_MSMLS-List	-1.67635	1000	179.0555	0	0	0	0	0	0	0	0	1000	381729.9	0
	48	15	1	179.0555	5.37635	0.7573662		ALLOSE	ALLOSE	B1.5min	2017_05_10RG_HILIC15-Neg_MSMLS-List	-0.5763497	1000	179.0555	0	0	0	0	0	0	0	0	1000	381729.9	0
	48	15	1	179.0555	5.37635	0.7573662		ALPHA-D-GLUCOSE	ALPHA-D-GLUCOSE	B-2min	2017_05_10RG_HILIC15-Neg_MSMLS-List	0.24365	1000	179.0555	0	0	0	0	0	0	0	0	1000	381729.9	0
	48	15	1	179.0555	5.37635	0.7573662		D-TAGATOSE	D-TAGATOSE	B-1.5min	2017_05_10RG_HILIC15-Neg_MSMLS-List	-1.05635	1000	179.0555	0	0	0	0	0	0	0	0	1000	381729.9	0
	48	15	1	179.0555	5.37635	0.7573662		D-TAGATOSE	D-TAGATOSE	B-1.5min	2017_05_10RG_HILIC15-Neg_MSMLS-List	-0.1863499	1000	179.0555	0	0	0	0	0	0	0	0	1000	381729.9	0
	48	15	1	179.0555	5.37635	0.7573662		D-FRUCTOSE	D-FRUCTOSE	T	2017_05_10RG_HILIC15-Neg_MSMLS-List	-0.9263501	1000	179.0555	0	0	0	0	0	0	0	0	1000	381729.9	0
	48	15	1	179.0555	5.37635	0.7573662		MYO-INOSITOL	MYO-INOSITOL	T	2017_05_10RG_HILIC15-Neg_MSMLS-List	1.44365	1000	179.0555	0	0	0	0	0	0	0	0	1000	381729.9	0
	48	15	1	179.0555	5.37635	0.7573662		MANNOSE	MANNOSE	T	2017_05_10RG_HILIC15-Neg_MSMLS-List	-0.3263497	1000	179.0555	0	0	0	0	0	0	0	0	1000	381729.9	0
	48	15	1	179.0555	5.37635	0.7573662		D-FRUCTOSE	D-FRUCTOSE	T	2017_05_10RG_HILIC15-Neg_MSMLS-List	0.24365	1000	179.0555	0	0	0	0	0	0	0	0	1000	381729.9	0
	49	0	2	173.0085	5.596875	0.829632		DEHYDRO-L-[+]-ASCORBIC ACID DIMER	DEHYDRO-L-[+]-ASCORBIC ACID DIMER	B-2min	2017_05_10RG_HILIC15-Neg_MSMLS-List	-3.876875	1000	173.0085	0	0	0	0	0	0	0	0	1000	148285.3	270656
	49	0	2	173.0085	5.596875	0.829632		DEHYDROASCORBATE	DEHYDROASCORBATE	B-2.5min	2017_05_10RG_HILIC15-Neg_MSMLS-List	-3.856875	1000	173.0085	0	0	0	0	0	0	0	0	1000	148285.3	270656
	49	0	2	173.0085	5.596875	0.829632		TRANS-ACONITATE	TRANS-ACONITATE	T	2017_05_10RG_HILIC15-Neg_MSMLS-List	0.2331247	1000	173.0085	0	0	0	0	0	0	0	0	1000	148285.3	270656
	49	0	2	173.0085	5.596875	0.829632		DEHYDROASCORBATE	DEHYDROASCORBATE	B-2.5min	2017_05_10RG_HILIC15-Neg_MSMLS-List	-1.336875	1000	173.0085	0	0	0	0	0	0	0	0	1000	148285.3	270656
	49	0	2	173.0085	5.596875	0.829632		TRANS-ACONITATE	TRANS-ACONITATE	T	2017_05_10RG_HILIC15-Neg_MSMLS-List	0.9631248	1000	173.0085	0	0	0	0	0	0	0	0	1000	148285.3	270656
	49	0	2	173.0085	5.596875	0.829632		DEHYDRO-L-[+]-ASCORBIC ACID DIMER	DEHYDRO-L-[+]-ASCORBIC ACID DIMER	B-2min	2017_05_10RG_HILIC15-Neg_MSMLS-List	-1.316875	1000	173.0085	0	0	0	0	0	0	0	0	1000	148285.3	270656
	49	27	2	129.0189	5.601767	0.7155799		2-METHYLMALEATE	2-METHYLMALEATE	T	2017_05_10RG_HILIC15-Neg_MSMLS-List	-0.6117668	1000	129.0189	0	0	0	0	0	0	0	0	1000	45973.11	96599.55
	49	27	2	129.0189	5.601767	0.7155799		ITACONATE	ITACONATE	T	2017_05_10RG_HILIC15-Neg_MSMLS-List	-2.081767	1000	129.0189	0	0	0	0	0	0	0	0	1000	45973.11	96599.55
	49	29	2	85.02919	5.606625	0.6803833		DIACETYL	DIACETYL	T	2017_05_10RG_HILIC15-Neg_MSMLS-List	0.2233748	1000	85.02919	0	0	0	0	0	0	0	0	1000	16808.49	29513.83
	49	29	2	85.02919	5.606625	0.6803833		DIACETYL	DIACETYL	T	2017_05_10RG_HILIC15-Neg_MSMLS-List	-0.6266251	1000	85.02919	0	0	0	0	0	0	0	0	1000	16808.49	29513.83
	49	29	2	85.02919	5.606625	0.6803833		DIACETYL	DIACETYL	T	2017_05_10RG_HILIC15-Neg_MSMLS-List	-4.929625	1000	85.02919	0	0	0	0	0	0	0	0	1000	16808.49	29513.83
	49	29	2	85.02919	5.606625	0.6803833		DIACETYL	DIACETYL	T	2017_05_10RG_HILIC15-Neg_MSMLS-List	-4.667625	1000	85.02919	0	0	0	0	0	0	0	0	1000	16808.49	29513.83
	50	14	1	174.0402	5.670016	0.8250052		N-ACETYL-L-ASPARTIC ACID	N-ACETYL-L-ASPARTIC ACID	T	2017_05_10RG_HILIC15-Neg_MSMLS-List	0.07998371	1000	174.0402	0	0	0	0	0	0	0	0	1000	33897.61	290619.2
	51	5	2	157.0249	5.869308	0.7650799		[S]-DIHYDROOROTATE	[S]-DIHYDROOROTATE	T	2017_05_10RG_HILIC15-Neg_MSMLS-List	0.1406918	1000	157.0249	0	0	0	0	0	0	0	0	1000	4686.98	7833.28
	52	1	1	227.2029	5.878983	0.8057182		MYRISTIC ACID	MYRISTIC ACID	T	2017_05_10RG_HILIC15-Neg_MSMLS-List	-5.319983	1000	227.2029	0	0	0	0	0	0	0	0	1000	11223.72	37693.7
	53	2	1	150.0416	5.911867	0.8516009		GUANINE	GUANINE	T	2017_05_10RG_HILIC15-Neg_MSMLS-List	0.02813339	1000	150.0416	0	0	0	0	0	0	0	0	1000	210730.1	0
	54	5	2	343.0627	5.981067	0.8268963		THIAMINE MONOPHOSPHATE	THIAMINE MONOPHOSPHATE	T	2017_05_10RG_HILIC15-Neg_MSMLS-List	-0.07106686	1000	343.0627	0	0	0	0	0	0	0	0	1000	48416.73	35321.45
	54	5	2	343.0627	5.981067	0.8268963		THIAMINE MONOPHOSPHATE	THIAMINE MONOPHOSPHATE	T	2017_05_10RG_HILIC15-Neg_MSMLS-List	2.698934	1000	343.0627	0	0	0	0	0	0	0	0	1000	48416.73	35321.45
	55	2	1	227.203	5.985891	0.8077216		MYRISTIC ACID	MYRISTIC ACID	T	2017_05_10RG_HILIC15-Neg_MSMLS-List	-5.426891	1000	227.203	0	0	0	0	0	0	0	0	1000	24553.23	14512.65
	56	0	2	423.0308	6.321325	0.7761298		THIAMINE PYROPHOSPHATE	THIAMINE PYROPHOSPHATE	B-2min	2017_05_10RG_HILIC15-Neg_MSMLS-List	3.478675	1000	423.0308	0	0	0	0	0	0	0	0	1000	21556.08	14780.62
	57	0	1	144.0773	6.37025	0.8314773		4-GUANIDINOBUTANOATE	4-GUANIDINOBUTANOATE	T	2017_05_10RG_HILIC15-Neg_MSMLS-List	-0.0002498627	1000	144.0773	0	0	0	0	0	0	0	0	1000	10687.3	8263.29
	58	2	2	337.0532	6.433659	0.8127658		5-AMINOIMIDAZOLE-4-CARBOXAMIDE-1-BETA-D-RIBOFURANOSYL 5-MONOPHOSPHATE	5-AMINOIMIDAZOLE-4-CARBOXAMIDE-1-BETA-D-RIBOFURANOSYL 5-MONOPHOSPHATE	T	2017_05_10RG_HILIC15-Neg_MSMLS-List	2.196342	1000	337.0532	0	0	0	0	0	0	0	0	1000	48802.23	52379.61
	59	32	2	164.0711	6.747442	0.8291879		L-PHENYLALANINE	L-PHENYLALANINE	T	2017_05_10RG_HILIC15-Neg_MSMLS-List	-0.09744167	1000	164.0711	0	0	0	0	0	0	0	0	1000	386393.5	468332.5
	60	10	1	283.0693	6.903675	0.6971321		XANTHOSINE	XANTHOSINE	T	2017_05_10RG_HILIC15-Neg_MSMLS-List	-1.613675	1000	283.0693	0	0	0	0	0	0	0	0	1000	61517.58	41638.18
	61	6	2	155.0093	6.997983	0.8434007		OROTATE	OROTATE	T	2017_05_10RG_HILIC15-Neg_MSMLS-List	-0.02798319	1000	155.0093	0	0	0	0	0	0	0	0	1000	202523.2	210130.4
	61	6	2	155.0093	6.997983	0.8434007		OROTIC ACID	OROTIC ACID	T	2017_05_10RG_HILIC15-Neg_MSMLS-List	-0.02798319	1000	155.0093	0	0	0	0	0	0	0	0	1000	202523.2	210130.4
	61	6	2	155.0093	6.997983	0.8434007		2-4-DIHYDROXYPYRIMIDINE-5-CARBOXYLIC ACID	2-4-DIHYDROXYPYRIMIDINE-5-CARBOXYLIC ACID	B-3min	2017_05_10RG_HILIC15-Neg_MSMLS-List	-4.937983	1000	155.0093	0	0	0	0	0	0	0	0	1000	202523.2	210130.4
	61	6	2	155.0093	6.997983	0.8434007		2-4-DIHYDROXYPYRIMIDINE-5-CARBOXYLIC ACID	2-4-DIHYDROXYPYRIMIDINE-5-CARBOXYLIC ACID	B-3min	2017_05_10RG_HILIC15-Neg_MSMLS-List	-3.707983	1000	155.0093	0	0	0	0	0	0	0	0	1000	202523.2	210130.4
	62	2	1	288.1223	7.002717	0.7294598		OPHTHALMIC ACID	OPHTHALMIC ACID	T	2017_05_10RG_HILIC15-Neg_MSMLS-List	1.447283	1000	288.1223	0	0	0	0	0	0	0	0	1000	166721.6	151669.9
	63	44	2	148.0433	7.125442	0.7015654		L-METHIONINE	L-METHIONINE	T	2017_05_10RG_HILIC15-Neg_MSMLS-List	-0.1154413	1000	148.0433	0	0	0	0	0	0	0	0	1000	232586.1	278462.8
	64	9	2	243.0614	7.309633	0.7590547		URIDINE	URIDINE	T	2017_05_10RG_HILIC15-Neg_MSMLS-List	-3.679633	1000	243.0614	0	0	0	0	0	0	0	0	1000	298233.1	250737.1
	65	36	1	116.0713	7.399275	0.6142501		L-NORVALINE	L-NORVALINE	T	2017_05_10RG_HILIC15-Neg_MSMLS-List	-0.3092747	1000	116.0713	0	0	0	0	0	0	0	0	1000	53227.47	91082.57
	65	36	1	116.0713	7.399275	0.6142501		L-VALINE	L-VALINE	T	2017_05_10RG_HILIC15-Neg_MSMLS-List	-0.1592751	1000	116.0713	0	0	0	0	0	0	0	0	1000	53227.47	91082.57
	66	12	2	180.066	7.4513	0.7771854		L-TYROSINE	L-TYROSINE	T	2017_05_10RG_HILIC15-Neg_MSMLS-List	-0.02129984	1000	180.066	0	0	0	0	0	0	0	0	1000	372455.9	420915
	67	16	2	187.1082	7.674933	0.82099		NALPHA-ACETYL-L-LYSINE	NALPHA-ACETYL-L-LYSINE	T	2017_05_10RG_HILIC15-Neg_MSMLS-List	0.5750666	1000	187.1082	0	0	0	0	0	0	0	0	1000	4062569	3453784
	68	2	2	193.0724	7.766383	0.8162087		METHYL BETA-D-GALACTOSIDE	METHYL BETA-D-GALACTOSIDE	T	2017_05_10RG_HILIC15-Neg_MSMLS-List	-4.986383	1000	193.0724	0	0	0	0	0	0	0	0	1000	33888.06	23818.46
	69	17	1	187.1082	7.921508	0.5271264		NALPHA-ACETYL-L-LYSINE	NALPHA-ACETYL-L-LYSINE	T	2017_05_10RG_HILIC15-Neg_MSMLS-List	0.3284917	1000	187.1082	0	0	0	0	0	0	0	0	1000	2235218	2149566
	70	7	1	341.1078	7.974833	0.7919236		D-[+]-TREHALOSE	D-[+]-TREHALOSE	T	2017_05_10RG_HILIC15-Neg_MSMLS-List	0.1551671	1000	341.1078	0	0	0	0	0	0	0	0	1000	104628.4	0
	70	7	1	341.1078	7.974833	0.7919236		PALATINOSE	PALATINOSE	T	2017_05_10RG_HILIC15-Neg_MSMLS-List	-0.184833	1000	341.1078	0	0	0	0	0	0	0	0	1000	104628.4	0
	70	7	1	341.1078	7.974833	0.7919236		MELIBIOSE	MELIBIOSE	T	2017_05_10RG_HILIC15-Neg_MSMLS-List	0.2251668	1000	341.1078	0	0	0	0	0	0	0	0	1000	104628.4	0
	70	7	1	341.1078	7.974833	0.7919236		D-LACTOSE	D-LACTOSE	T	2017_05_10RG_HILIC15-Neg_MSMLS-List	-0.1148329	1000	341.1078	0	0	0	0	0	0	0	0	1000	104628.4	0
	70	7	1	341.1078	7.974833	0.7919236		MALTOSE	MALTOSE	T	2017_05_10RG_HILIC15-Neg_MSMLS-List	0.01516676	1000	341.1078	0	0	0	0	0	0	0	0	1000	104628.4	0
	70	7	1	341.1078	7.974833	0.7919236		D-[+]-CELLOBIOSE	D-[+]-CELLOBIOSE	T	2017_05_10RG_HILIC15-Neg_MSMLS-List	0.01516676	1000	341.1078	0	0	0	0	0	0	0	0	1000	104628.4	0
	70	7	1	341.1078	7.974833	0.7919236		D-[+]-CELLOBIOSE	D-[+]-CELLOBIOSE	T	2017_05_10RG_HILIC15-Neg_MSMLS-List	-0.3648329	1000	341.1078	0	0	0	0	0	0	0	0	1000	104628.4	0
	70	7	1	341.1078	7.974833	0.7919236		SUCROSE	SUCROSE	T	2017_05_10RG_HILIC15-Neg_MSMLS-List	-0.474833	1000	341.1078	0	0	0	0	0	0	0	0	1000	104628.4	0
	70	7	1	341.1078	7.974833	0.7919236		D-LACTOSE	D-LACTOSE	T	2017_05_10RG_HILIC15-Neg_MSMLS-List	0.07516718	1000	341.1078	0	0	0	0	0	0	0	0	1000	104628.4	0
	70	7	1	341.1078	7.974833	0.7919236		SUCROSE	SUCROSE	T	2017_05_10RG_HILIC15-Neg_MSMLS-List	-0.1448331	1000	341.1078	0	0	0	0	0	0	0	0	1000	104628.4	0
	70	47	1	161.045	8.014883	0.8021404		3-HYDROXY-3-METHYLGLUTARATE	3-HYDROXY-3-METHYLGLUTARATE	B-1min	2017_05_10RG_HILIC15-Neg_MSMLS-List	-4.124883	1000	161.045	0	0	0	0	0	0	0	0	1000	172918.1	13224.44
	71	31	1	88.0401	8.051191	0.6212512		D-ALANINE	D-ALANINE	T	2017_05_10RG_HILIC15-Neg_MSMLS-List	-0.0411911	1000	88.0401	0	0	0	0	0	0	0	0	1000	142293.3	191423.1
	71	31	1	88.0401	8.051191	0.6212512		L-ALANINE	L-ALANINE	T	2017_05_10RG_HILIC15-Neg_MSMLS-List	-0.0411911	1000	88.0401	0	0	0	0	0	0	0	0	1000	142293.3	191423.1
	71	31	1	88.0401	8.051191	0.6212512		SARCOSINE	SARCOSINE	T	2017_05_10RG_HILIC15-Neg_MSMLS-List	0.00880909	1000	88.0401	0	0	0	0	0	0	0	0	1000	142293.3	191423.1
	71	31	1	88.0401	8.051191	0.6212512		SARCOSINE	SARCOSINE	T	2017_05_10RG_HILIC15-Neg_MSMLS-List	0.4588089	1000	88.0401	0	0	0	0	0	0	0	0	1000	142293.3	191423.1
	71	31	1	88.0401	8.051191	0.6212512		SARCOSINE	SARCOSINE	T	2017_05_10RG_HILIC15-Neg_MSMLS-List	-3.771191	1000	88.0401	0	0	0	0	0	0	0	0	1000	142293.3	191423.1
	71	3	2	193.0724	8.056334	0.8194495		METHYL BETA-D-GALACTOSIDE	METHYL BETA-D-GALACTOSIDE	T	2017_05_10RG_HILIC15-Neg_MSMLS-List	-5.276334	1000	193.0724	0	0	0	0	0	0	0	0	1000	48945.2	56409.79
	72	10	2	118.0506	8.071842	0.82323		L-ALLOTHREONINE	L-ALLOTHREONINE	T	2017_05_10RG_HILIC15-Neg_MSMLS-List	-0.03184223	1000	118.0506	0	0	0	0	0	0	0	0	1000	5043304	28663.65
	72	10	2	118.0506	8.071842	0.82323		HOMOSERINE	HOMOSERINE	T	2017_05_10RG_HILIC15-Neg_MSMLS-List	0.02815819	1000	118.0506	0	0	0	0	0	0	0	0	1000	5043304	28663.65
	72	10	2	118.0506	8.071842	0.82323		L-THREONINE	L-THREONINE	T	2017_05_10RG_HILIC15-Neg_MSMLS-List	-0.06184196	1000	118.0506	0	0	0	0	0	0	0	0	1000	5043304	28663.65
	73	14	2	283.0693	8.0977	0.6189896		XANTHOSINE	XANTHOSINE	T	2017_05_10RG_HILIC15-Neg_MSMLS-List	-2.8077	1000	283.0693	0	0	0	0	0	0	0	0	1000	88568.96	103734.1
	74	4	1	104.035	8.217508	0.8301766		L-SERINE	L-SERINE	T	2017_05_10RG_HILIC15-Neg_MSMLS-List	-0.02750874	1000	104.035	0	0	0	0	0	0	0	0	1000	5747200	7749.225
	75	3	1	131.0457	8.238234	0.8220356		3-UREIDOPROPIONATE	3-UREIDOPROPIONATE	T	2017_05_10RG_HILIC15-Neg_MSMLS-List	-3.968234	1000	131.0457	0	0	0	0	0	0	0	0	1000	45171.84	2119.596
	75	3	1	131.0457	8.238234	0.8220356		L-ASPARAGINE	L-ASPARAGINE	T	2017_05_10RG_HILIC15-Neg_MSMLS-List	-0.04823399	1000	131.0457	0	0	0	0	0	0	0	0	1000	45171.84	2119.596
	76	13	1	189.0877	8.305508	0.7464612		LL-2-6-DIAMINOHEPTANEDIOATE	LL-2-6-DIAMINOHEPTANEDIOATE	T	2017_05_10RG_HILIC15-Neg_MSMLS-List	0.3844919	1000	189.0877	0	0	0	0	0	0	0	0	1000	162620	5178.228
	77	41	2	146.0454	8.320559	0.8300124		O-ACETYL-L-SERINE	O-ACETYL-L-SERINE	T	2017_05_10RG_HILIC15-Neg_MSMLS-List	-3.300559	1000	146.0454	0	0	0	0	0	0	0	0	1000	2.419422e+007	2.741838e+007
	77	41	2	146.0454	8.320559	0.8300124		N-METHYL-D-ASPARTIC ACID	N-METHYL-D-ASPARTIC ACID	T	2017_05_10RG_HILIC15-Neg_MSMLS-List	0.1094418	1000	146.0454	0	0	0	0	0	0	0	0	1000	2.419422e+007	2.741838e+007
	77	41	2	146.0454	8.320559	0.8300124		N-ACETYL-DL-SERINE	N-ACETYL-DL-SERINE	T	2017_05_10RG_HILIC15-Neg_MSMLS-List	-3.320559	1000	146.0454	0	0	0	0	0	0	0	0	1000	2.419422e+007	2.741838e+007
	77	41	2	146.0454	8.320559	0.8300124		L-GLUTAMIC ACID	L-GLUTAMIC ACID	T	2017_05_10RG_HILIC15-Neg_MSMLS-List	-0.0005588531	1000	146.0454	0	0	0	0	0	0	0	0	1000	2.419422e+007	2.741838e+007
	77	8	2	102.0557	8.320559	0.8346886		2-AMINO-2-METHYLPROPANOATE	2-AMINO-2-METHYLPROPANOATE	T	2017_05_10RG_HILIC15-Neg_MSMLS-List	-3.190558	1000	102.0557	0	0	0	0	0	0	0	0	1000	1109998	1290613
	77	8	2	102.0557	8.320559	0.8346886		2-AMINO-2-METHYLPROPANOATE	2-AMINO-2-METHYLPROPANOATE	T	2017_05_10RG_HILIC15-Neg_MSMLS-List	-0.6205587	1000	102.0557	0	0	0	0	0	0	0	0	1000	1109998	1290613
	77	8	2	102.0557	8.320559	0.8346886		gamma-aminobutyrate	gamma-aminobutyrate	potential_ID	2017_05_10RG_HILIC15-Neg_MSMLS-List	-0.6005588	1000	102.0557	0	0	0	0	0	0	0	0	1000	1109998	1290613
	77	3	2	184.0011	8.325516	0.8308505		O-PHOSPHO-DL-SERINE	O-PHOSPHO-DL-SERINE	T	2017_05_10RG_HILIC15-Neg_MSMLS-List	0.6444845	1000	184.0011	0	0	0	0	0	0	0	0	1000	324577.5	352802
	77	3	2	184.0011	8.325516	0.8308505		O-PHOSPHO-L-SERINE	O-PHOSPHO-L-SERINE	B-1min	2017_05_10RG_HILIC15-Neg_MSMLS-List	0.6344843	1000	184.0011	0	0	0	0	0	0	0	0	1000	324577.5	352802
	77	3	2	184.0011	8.325516	0.8308505		O-PHOSPHO-L-SERINE	O-PHOSPHO-L-SERINE	B-1min	2017_05_10RG_HILIC15-Neg_MSMLS-List	-0.2755156	1000	184.0011	0	0	0	0	0	0	0	0	1000	324577.5	352802
	78	3	2	145.0614	8.325516	0.8151172		L-GLUTAMINE	L-GLUTAMINE	T	2017_05_10RG_HILIC15-Neg_MSMLS-List	-0.1355162	1000	145.0614	0	0	0	0	0	0	0	0	1000	139513	74435.66
	79	3	1	219.0979	8.345833	0.7946961		2-ACETAMIDO-2-DEOXY-BETA-D-GLUCOSYLAMINE	2-ACETAMIDO-2-DEOXY-BETA-D-GLUCOSYLAMINE	T	2017_05_10RG_HILIC15-Neg_MSMLS-List	-0.3158331	1000	219.0979	0	0	0	0	0	0	0	0	1000	142530.7	1740.611
	80	31	2	132.0298	8.517992	0.7407759		L-ASPARTATE	L-ASPARTATE	T	2017_05_10RG_HILIC15-Neg_MSMLS-List	0.002008438	1000	132.0298	0	0	0	0	0	0	0	0	1000	3676993	323254.7
	80	31	2	132.0298	8.517992	0.7407759		D-ASPARTATE	D-ASPARTATE	T	2017_05_10RG_HILIC15-Neg_MSMLS-List	-0.007991791	1000	132.0298	0	0	0	0	0	0	0	0	1000	3676993	323254.7
	81	33	1	88.04009	8.528324	0.721969		SARCOSINE	SARCOSINE	T	2017_05_10RG_HILIC15-Neg_MSMLS-List	-0.4683237	1000	88.04009	0	0	0	0	0	0	0	0	1000	274936.7	17172.83
	81	33	1	88.04009	8.528324	0.721969		SARCOSINE	SARCOSINE	T	2017_05_10RG_HILIC15-Neg_MSMLS-List	-0.0183239	1000	88.04009	0	0	0	0	0	0	0	0	1000	274936.7	17172.83
	81	33	1	88.04009	8.528324	0.721969		SARCOSINE	SARCOSINE	T	2017_05_10RG_HILIC15-Neg_MSMLS-List	-4.248324	1000	88.04009	0	0	0	0	0	0	0	0	1000	274936.7	17172.83
	81	33	1	88.04009	8.528324	0.721969		L-ALANINE	L-ALANINE	T	2017_05_10RG_HILIC15-Neg_MSMLS-List	-0.5183239	1000	88.04009	0	0	0	0	0	0	0	0	1000	274936.7	17172.83
	81	33	1	88.04009	8.528324	0.721969		D-ALANINE	D-ALANINE	T	2017_05_10RG_HILIC15-Neg_MSMLS-List	-0.5183239	1000	88.04009	0	0	0	0	0	0	0	0	1000	274936.7	17172.83
	82	0	2	154.0617	8.5804	0.8308137		L-HISTIDINE	L-HISTIDINE	0	2017_05_10RG_HILIC15-Neg_MSMLS-List	-0.03040028	1000	154.0617	0	0	0	0	0	0	0	0	1000	4134023	4500234
	83	18	1	114.0192	8.590375	0.64662		MALEAMATE	MALEAMATE	T	2017_05_10RG_HILIC15-Neg_MSMLS-List	-7.607375	1000	114.0192	0	0	0	0	0	0	0	0	1000	16901.26	478.7277
	84	1	2	173.1038	8.595734	0.8396176		L-ARGININE	L-ARGININE	T	2017_05_10RG_HILIC15-Neg_MSMLS-List	-0.00573349	1000	173.1038	0	0	0	0	0	0	0	0	1000	5217474	5114218
	84	1	2	131.0821	8.595734	0.8413181		L-ORNITHINE	L-ORNITHINE	T	2017_05_10RG_HILIC15-Neg_MSMLS-List	0.0442667	1000	131.0821	0	0	0	0	0	0	0	0	1000	452284.2	430709.4
	84	1	2	131.0821	8.595734	0.8413181		D-ORNITHINE	D-ORNITHINE	T	2017_05_10RG_HILIC15-Neg_MSMLS-List	0.03426647	1000	131.0821	0	0	0	0	0	0	0	0	1000	452284.2	430709.4
	85	1	2	145.0977	8.631808	0.8531318		L-LYSINE	L-LYSINE	0	2017_05_10RG_HILIC15-Neg_MSMLS-List	-0.001808167	1000	145.0977	0	0	0	0	0	0	0	0	1000	1964441	494962.2
	86	10	2	225.0986	8.6421	0.8397524		CARNOSINE	CARNOSINE	T	2017_05_10RG_HILIC15-Neg_MSMLS-List	-0.02210045	1000	225.0986	0	0	0	0	0	0	0	0	1000	93758.01	45129.55
